Aux Temperature:	26.85 
Fpa Temperature:	30.85 
Min RAW Value:	8112 
Max RAW Value:	8198 
8149 	8146 	8150 	8149 	8148 	8148 	8158 	8159 	8157 	8160 	8164 	8161 	8164 	8163 	8163 	8161 	8161 	8165 	8158 	8161 	8160 	8163 	8162 	8162 	8160 	8156 	8159 	8160 	8159 	8157 	8156 	8155 	8156 	8155 	8154 	8154 	8153 	8151 	8156 	8153 	8151 	8149 	8150 	8154 	8153 	8152 	8152 	8151 	8150 	8151 	8152 	8152 	8151 	8153 	8150 	8149 	8150 	8154 	8158 	8154 	8154 	8152 	8154 	8159 	8150 	8153 	8150 	8150 	8146 	8147 	8144 	8143 	8143 	8140 	8142 	8145 	8137 	8129 	8134 	8131 	
8152 	8147 	8150 	8154 	8146 	8153 	8158 	8165 	8160 	8163 	8161 	8167 	8165 	8164 	8161 	8164 	8162 	8165 	8163 	8163 	8163 	8163 	8164 	8161 	8158 	8159 	8159 	8160 	8160 	8158 	8156 	8156 	8156 	8156 	8154 	8153 	8150 	8150 	8155 	8153 	8155 	8154 	8153 	8156 	8155 	8151 	8154 	8157 	8154 	8152 	8150 	8150 	8155 	8153 	8151 	8152 	8152 	8152 	8151 	8152 	8154 	8152 	8152 	8157 	8154 	8153 	8151 	8151 	8147 	8150 	8148 	8151 	8146 	8140 	8142 	8143 	8134 	8135 	8133 	8135 	
8153 	8146 	8147 	8152 	8150 	8155 	8155 	8162 	8165 	8164 	8160 	8166 	8164 	8168 	8163 	8160 	8160 	8161 	8161 	8161 	8163 	8162 	8159 	8161 	8158 	8160 	8159 	8158 	8159 	8157 	8152 	8153 	8156 	8155 	8154 	8152 	8153 	8152 	8152 	8152 	8150 	8151 	8153 	8154 	8156 	8153 	8154 	8155 	8152 	8153 	8149 	8149 	8149 	8150 	8150 	8147 	8153 	8150 	8153 	8150 	8153 	8153 	8154 	8154 	8151 	8149 	8149 	8146 	8148 	8148 	8149 	8144 	8145 	8144 	8140 	8142 	8140 	8132 	8137 	8129 	
8149 	8147 	8146 	8155 	8153 	8160 	8159 	8163 	8160 	8160 	8165 	8165 	8164 	8164 	8162 	8158 	8161 	8159 	8162 	8163 	8162 	8163 	8161 	8160 	8161 	8161 	8159 	8160 	8157 	8155 	8153 	8155 	8151 	8156 	8157 	8154 	8153 	8152 	8152 	8154 	8155 	8153 	8150 	8153 	8154 	8151 	8152 	8150 	8155 	8151 	8152 	8148 	8152 	8148 	8149 	8151 	8150 	8153 	8154 	8150 	8149 	8152 	8151 	8154 	8150 	8148 	8150 	8148 	8149 	8147 	8149 	8147 	8146 	8143 	8140 	8140 	8139 	8134 	8134 	8134 	
8149 	8147 	8152 	8156 	8158 	8157 	8162 	8167 	8162 	8162 	8161 	8166 	8163 	8164 	8164 	8159 	8162 	8159 	8164 	8159 	8162 	8158 	8161 	8159 	8156 	8159 	8153 	8159 	8156 	8154 	8153 	8155 	8153 	8153 	8155 	8153 	8154 	8154 	8151 	8151 	8150 	8152 	8152 	8153 	8152 	8152 	8151 	8151 	8149 	8150 	8152 	8150 	8151 	8145 	8150 	8151 	8149 	8150 	8154 	8150 	8153 	8153 	8150 	8153 	8151 	8146 	8147 	8147 	8147 	8149 	8148 	8147 	8146 	8144 	8140 	8141 	8140 	8135 	8136 	8133 	
8154 	8147 	8152 	8157 	8155 	8163 	8162 	8164 	8163 	8164 	8163 	8161 	8164 	8164 	8165 	8163 	8164 	8162 	8158 	8165 	8164 	8160 	8164 	8161 	8158 	8154 	8155 	8157 	8157 	8156 	8154 	8153 	8150 	8153 	8152 	8152 	8152 	8152 	8151 	8149 	8152 	8151 	8151 	8153 	8151 	8152 	8149 	8150 	8152 	8150 	8150 	8150 	8150 	8147 	8147 	8148 	8152 	8151 	8151 	8149 	8147 	8148 	8149 	8152 	8149 	8149 	8145 	8145 	8148 	8147 	8150 	8143 	8139 	8140 	8144 	8141 	8136 	8134 	8133 	8132 	
8149 	8151 	8152 	8157 	8156 	8160 	8163 	8163 	8162 	8167 	8165 	8168 	8165 	8163 	8160 	8163 	8158 	8160 	8159 	8164 	8162 	8162 	8157 	8158 	8155 	8156 	8155 	8154 	8154 	8151 	8149 	8145 	8151 	8149 	8148 	8149 	8152 	8151 	8147 	8151 	8149 	8146 	8152 	8151 	8149 	8150 	8150 	8149 	8148 	8146 	8146 	8140 	8148 	8145 	8148 	8145 	8150 	8146 	8149 	8150 	8149 	8149 	8148 	8152 	8149 	8147 	8145 	8148 	8143 	8146 	8144 	8145 	8141 	8141 	8140 	8139 	8138 	8133 	8134 	8134 	
8152 	8149 	8155 	8160 	8156 	8163 	8160 	8163 	8161 	8167 	8165 	8164 	8163 	8163 	8161 	8157 	8157 	8159 	8163 	8162 	8161 	8157 	8155 	8158 	8157 	8154 	8150 	8151 	8151 	8149 	8147 	8150 	8147 	8146 	8149 	8148 	8148 	8147 	8148 	8149 	8151 	8147 	8149 	8148 	8148 	8149 	8145 	8150 	8148 	8142 	8144 	8142 	8145 	8144 	8144 	8144 	8144 	8145 	8148 	8146 	8148 	8148 	8146 	8146 	8146 	8148 	8143 	8141 	8143 	8144 	8144 	8140 	8138 	8140 	8134 	8131 	8134 	8130 	8133 	8128 	
8152 	8152 	8153 	8159 	8156 	8167 	8165 	8166 	8161 	8162 	8165 	8165 	8161 	8165 	8160 	8160 	8160 	8159 	8162 	8160 	8159 	8158 	8155 	8157 	8154 	8152 	8152 	8151 	8151 	8145 	8147 	8149 	8145 	8149 	8146 	8147 	8146 	8146 	8149 	8155 	8149 	8153 	8149 	8149 	8150 	8150 	8147 	8147 	8146 	8143 	8143 	8144 	8144 	8144 	8141 	8147 	8143 	8143 	8146 	8141 	8144 	8145 	8142 	8146 	8147 	8144 	8142 	8144 	8143 	8144 	8140 	8142 	8138 	8138 	8135 	8135 	8133 	8131 	8129 	8130 	
8154 	8153 	8154 	8162 	8157 	8162 	8165 	8164 	8160 	8166 	8162 	8163 	8165 	8163 	8161 	8158 	8158 	8159 	8161 	8158 	8156 	8154 	8155 	8155 	8149 	8152 	8151 	8147 	8148 	8145 	8145 	8147 	8145 	8147 	8147 	8146 	8146 	8144 	8150 	8148 	8150 	8151 	8150 	8150 	8149 	8149 	8147 	8146 	8143 	8140 	8145 	8141 	8143 	8142 	8141 	8143 	8143 	8144 	8143 	8144 	8144 	8144 	8144 	8144 	8142 	8140 	8144 	8141 	8144 	8145 	8141 	8139 	8136 	8134 	8135 	8136 	8135 	8128 	8128 	8127 	
8158 	8153 	8156 	8159 	8161 	8166 	8166 	8163 	8163 	8160 	8162 	8166 	8163 	8162 	8159 	8156 	8157 	8161 	8157 	8158 	8155 	8156 	8152 	8153 	8150 	8151 	8147 	8146 	8145 	8146 	8140 	8146 	8143 	8144 	8144 	8146 	8143 	8145 	8146 	8146 	8149 	8148 	8150 	8146 	8145 	8144 	8145 	8147 	8147 	8143 	8140 	8140 	8141 	8137 	8139 	8141 	8142 	8143 	8142 	8143 	8141 	8144 	8141 	8144 	8139 	8139 	8138 	8142 	8139 	8139 	8140 	8139 	8139 	8136 	8133 	8135 	8134 	8124 	8130 	8125 	
8158 	8156 	8157 	8162 	8161 	8159 	8164 	8162 	8159 	8164 	8162 	8162 	8162 	8162 	8164 	8156 	8159 	8162 	8156 	8154 	8153 	8153 	8151 	8148 	8148 	8147 	8145 	8144 	8143 	8142 	8140 	8143 	8142 	8143 	8140 	8142 	8144 	8144 	8143 	8149 	8147 	8146 	8148 	8148 	8144 	8141 	8142 	8148 	8142 	8141 	8142 	8141 	8144 	8139 	8141 	8143 	8140 	8141 	8141 	8140 	8143 	8141 	8138 	8141 	8137 	8136 	8139 	8140 	8136 	8141 	8140 	8136 	8136 	8137 	8137 	8133 	8134 	8123 	8125 	8130 	
8162 	8156 	8161 	8167 	8163 	8162 	8160 	8162 	8165 	8163 	8160 	8162 	8159 	8165 	8161 	8160 	8155 	8159 	8151 	8152 	8150 	8151 	8148 	8145 	8144 	8144 	8140 	8143 	8139 	8139 	8140 	8142 	8140 	8144 	8144 	8145 	8143 	8141 	8142 	8146 	8142 	8147 	8147 	8148 	8145 	8142 	8141 	8142 	8141 	8141 	8141 	8138 	8140 	8141 	8141 	8143 	8136 	8141 	8141 	8140 	8140 	8135 	8140 	8138 	8135 	8133 	8135 	8137 	8137 	8138 	8134 	8137 	8135 	8134 	8137 	8135 	8132 	8130 	8129 	8131 	
8167 	8161 	8163 	8166 	8164 	8164 	8165 	8164 	8164 	8166 	8163 	8163 	8160 	8160 	8160 	8154 	8157 	8157 	8155 	8153 	8149 	8148 	8146 	8147 	8140 	8143 	8140 	8142 	8140 	8138 	8139 	8139 	8144 	8143 	8141 	8143 	8144 	8141 	8143 	8145 	8145 	8145 	8145 	8149 	8143 	8143 	8144 	8142 	8143 	8139 	8141 	8136 	8139 	8140 	8143 	8142 	8140 	8141 	8141 	8141 	8141 	8138 	8139 	8140 	8137 	8134 	8134 	8132 	8133 	8135 	8137 	8137 	8134 	8131 	8134 	8134 	8134 	8128 	8129 	8131 	
8165 	8165 	8165 	8166 	8162 	8163 	8162 	8162 	8166 	8160 	8160 	8161 	8156 	8158 	8155 	8153 	8154 	8157 	8150 	8153 	8146 	8149 	8144 	8144 	8139 	8141 	8139 	8140 	8142 	8139 	8139 	8136 	8139 	8142 	8138 	8139 	8141 	8138 	8142 	8142 	8144 	8143 	8146 	8143 	8141 	8140 	8141 	8143 	8139 	8138 	8141 	8137 	8138 	8138 	8138 	8140 	8134 	8136 	8138 	8135 	8137 	8136 	8137 	8137 	8137 	8135 	8136 	8133 	8134 	8135 	8131 	8136 	8135 	8135 	8131 	8133 	8131 	8127 	8127 	8125 	
8164 	8164 	8164 	8170 	8165 	8164 	8163 	8167 	8165 	8158 	8161 	8160 	8160 	8157 	8156 	8152 	8153 	8152 	8151 	8150 	8146 	8145 	8141 	8142 	8138 	8141 	8137 	8141 	8141 	8137 	8135 	8137 	8137 	8139 	8139 	8138 	8140 	8140 	8142 	8140 	8142 	8142 	8143 	8145 	8141 	8140 	8140 	8138 	8138 	8138 	8136 	8138 	8139 	8140 	8136 	8138 	8137 	8137 	8139 	8135 	8136 	8137 	8133 	8137 	8133 	8135 	8132 	8134 	8134 	8132 	8130 	8133 	8132 	8132 	8131 	8129 	8129 	8125 	8125 	8126 	
8165 	8163 	8165 	8167 	8165 	8162 	8165 	8164 	8161 	8160 	8161 	8165 	8159 	8158 	8154 	8153 	8151 	8148 	8147 	8146 	8142 	8142 	8140 	8140 	8139 	8140 	8138 	8142 	8139 	8138 	8137 	8136 	8140 	8138 	8138 	8140 	8139 	8140 	8139 	8143 	8141 	8142 	8142 	8140 	8141 	8139 	8137 	8141 	8136 	8135 	8136 	8136 	8139 	8137 	8139 	8141 	8138 	8138 	8139 	8136 	8139 	8136 	8137 	8135 	8134 	8133 	8135 	8136 	8133 	8134 	8133 	8131 	8129 	8130 	8129 	8132 	8131 	8127 	8123 	8126 	
8166 	8162 	8163 	8164 	8164 	8164 	8162 	8163 	8160 	8164 	8159 	8161 	8158 	8157 	8156 	8150 	8146 	8145 	8147 	8145 	8142 	8140 	8140 	8140 	8136 	8138 	8137 	8139 	8140 	8138 	8136 	8138 	8136 	8141 	8137 	8137 	8139 	8139 	8140 	8139 	8139 	8140 	8141 	8144 	8140 	8141 	8141 	8138 	8135 	8136 	8137 	8135 	8140 	8139 	8135 	8138 	8136 	8135 	8140 	8139 	8137 	8136 	8134 	8134 	8132 	8135 	8131 	8133 	8130 	8134 	8131 	8131 	8133 	8131 	8130 	8127 	8129 	8123 	8125 	8121 	
8162 	8164 	8164 	8164 	8162 	8164 	8161 	8162 	8161 	8160 	8161 	8158 	8158 	8155 	8151 	8148 	8144 	8144 	8144 	8143 	8139 	8136 	8138 	8139 	8139 	8135 	8134 	8138 	8135 	8137 	8138 	8138 	8137 	8139 	8139 	8138 	8137 	8139 	8139 	8138 	8138 	8140 	8139 	8136 	8140 	8139 	8140 	8139 	8135 	8137 	8139 	8136 	8135 	8135 	8138 	8139 	8134 	8132 	8139 	8138 	8134 	8137 	8137 	8135 	8137 	8136 	8133 	8131 	8130 	8134 	8131 	8133 	8131 	8131 	8131 	8130 	8128 	8125 	8126 	8123 	
8167 	8163 	8165 	8167 	8163 	8165 	8160 	8159 	8161 	8159 	8157 	8161 	8156 	8155 	8153 	8146 	8142 	8144 	8142 	8139 	8135 	8136 	8138 	8136 	8133 	8136 	8135 	8137 	8136 	8136 	8138 	8136 	8135 	8138 	8138 	8138 	8136 	8141 	8135 	8141 	8138 	8136 	8137 	8136 	8140 	8138 	8137 	8139 	8137 	8137 	8136 	8137 	8136 	8136 	8138 	8137 	8134 	8139 	8137 	8135 	8137 	8134 	8134 	8135 	8134 	8133 	8134 	8132 	8132 	8134 	8132 	8132 	8130 	8131 	8128 	8128 	8129 	8123 	8121 	8122 	
8164 	8159 	8162 	8163 	8160 	8165 	8157 	8159 	8158 	8155 	8155 	8153 	8154 	8153 	8151 	8143 	8143 	8143 	8141 	8141 	8135 	8137 	8137 	8139 	8132 	8135 	8133 	8134 	8135 	8135 	8136 	8137 	8135 	8136 	8138 	8137 	8139 	8137 	8136 	8140 	8136 	8137 	8137 	8139 	8139 	8140 	8140 	8140 	8134 	8135 	8133 	8134 	8134 	8136 	8137 	8136 	8137 	8133 	8135 	8133 	8136 	8136 	8136 	8133 	8136 	8134 	8132 	8130 	8132 	8132 	8131 	8131 	8132 	8128 	8128 	8129 	8126 	8121 	8120 	8124 	
8158 	8159 	8158 	8160 	8160 	8158 	8156 	8160 	8158 	8158 	8153 	8155 	8151 	8152 	8149 	8144 	8144 	8142 	8139 	8138 	8134 	8134 	8134 	8134 	8130 	8131 	8133 	8136 	8135 	8136 	8136 	8136 	8135 	8138 	8135 	8138 	8136 	8136 	8136 	8137 	8136 	8140 	8136 	8135 	8137 	8138 	8137 	8140 	8133 	8135 	8136 	8133 	8135 	8137 	8138 	8136 	8135 	8135 	8135 	8135 	8136 	8138 	8135 	8137 	8132 	8135 	8133 	8129 	8134 	8130 	8131 	8129 	8128 	8131 	8128 	8131 	8129 	8121 	8122 	8123 	
8158 	8155 	8156 	8157 	8154 	8157 	8157 	8154 	8152 	8153 	8154 	8154 	8151 	8150 	8151 	8143 	8142 	8142 	8138 	8137 	8132 	8135 	8136 	8134 	8135 	8135 	8132 	8135 	8134 	8135 	8135 	8136 	8134 	8136 	8136 	8133 	8137 	8136 	8137 	8135 	8137 	8137 	8137 	8138 	8139 	8139 	8137 	8139 	8138 	8137 	8134 	8133 	8135 	8131 	8132 	8137 	8134 	8137 	8136 	8134 	8134 	8134 	8135 	8136 	8131 	8132 	8132 	8131 	8132 	8130 	8131 	8129 	8125 	8126 	8127 	8129 	8125 	8121 	8123 	8118 	
8157 	8155 	8156 	8155 	8153 	8156 	8155 	8155 	8150 	8154 	8156 	8154 	8152 	8149 	8153 	8148 	8143 	8141 	8140 	8138 	8135 	8135 	8133 	8137 	8134 	8130 	8133 	8134 	8136 	8135 	8135 	8134 	8133 	8139 	8134 	8132 	8133 	8135 	8137 	8139 	8138 	8139 	8138 	8136 	8133 	8133 	8136 	8138 	8135 	8134 	8133 	8132 	8133 	8133 	8130 	8135 	8134 	8133 	8133 	8134 	8132 	8134 	8134 	8132 	8134 	8131 	8130 	8132 	8133 	8129 	8129 	8127 	8130 	8127 	8129 	8129 	8127 	8121 	8124 	8123 	
8157 	8156 	8153 	8157 	8152 	8154 	8155 	8153 	8148 	8154 	8154 	8149 	8153 	8150 	8146 	8147 	8145 	8144 	8139 	8140 	8134 	8134 	8135 	8134 	8131 	8131 	8130 	8133 	8134 	8134 	8134 	8135 	8133 	8130 	8131 	8131 	8133 	8132 	8137 	8136 	8136 	8138 	8135 	8133 	8135 	8138 	8133 	8138 	8135 	8134 	8133 	8132 	8133 	8134 	8131 	8133 	8133 	8128 	8131 	8132 	8135 	8130 	8131 	8130 	8132 	8134 	8128 	8128 	8131 	8130 	8130 	8128 	8126 	8129 	8128 	8129 	8129 	8124 	8123 	8123 	
8159 	8153 	8154 	8154 	8152 	8150 	8156 	8153 	8152 	8154 	8154 	8150 	8152 	8148 	8150 	8149 	8148 	8145 	8141 	8140 	8136 	8135 	8135 	8131 	8130 	8131 	8131 	8132 	8130 	8133 	8135 	8133 	8132 	8134 	8134 	8135 	8134 	8130 	8133 	8137 	8135 	8133 	8135 	8136 	8135 	8137 	8136 	8138 	8137 	8130 	8129 	8128 	8133 	8130 	8133 	8134 	8131 	8133 	8133 	8134 	8134 	8129 	8130 	8129 	8130 	8130 	8129 	8130 	8129 	8132 	8131 	8130 	8128 	8131 	8129 	8130 	8128 	8123 	8124 	8123 	
8160 	8156 	8151 	8157 	8153 	8154 	8156 	8155 	8152 	8153 	8152 	8151 	8150 	8151 	8151 	8148 	8146 	8148 	8144 	8143 	8140 	8139 	8135 	8134 	8129 	8133 	8131 	8134 	8134 	8132 	8131 	8137 	8133 	8132 	8132 	8132 	8133 	8132 	8133 	8135 	8134 	8134 	8135 	8134 	8136 	8136 	8135 	8136 	8135 	8131 	8132 	8131 	8131 	8134 	8131 	8133 	8130 	8131 	8128 	8133 	8130 	8130 	8132 	8133 	8133 	8133 	8129 	8132 	8131 	8132 	8132 	8129 	8132 	8125 	8130 	8135 	8130 	8125 	8123 	8123 	
8162 	8157 	8155 	8157 	8155 	8156 	8157 	8157 	8151 	8151 	8154 	8155 	8153 	8150 	8151 	8150 	8146 	8147 	8145 	8144 	8139 	8138 	8135 	8134 	8130 	8130 	8129 	8133 	8133 	8131 	8130 	8134 	8133 	8134 	8134 	8132 	8135 	8135 	8133 	8133 	8133 	8134 	8134 	8135 	8137 	8135 	8132 	8134 	8135 	8132 	8133 	8128 	8134 	8130 	8130 	8132 	8132 	8130 	8129 	8130 	8133 	8133 	8130 	8132 	8130 	8127 	8133 	8130 	8128 	8129 	8131 	8128 	8130 	8127 	8128 	8130 	8130 	8124 	8125 	8123 	
8163 	8155 	8157 	8158 	8154 	8156 	8158 	8154 	8149 	8152 	8154 	8149 	8154 	8156 	8155 	8152 	8150 	8148 	8146 	8144 	8137 	8138 	8135 	8132 	8128 	8130 	8130 	8130 	8131 	8131 	8130 	8130 	8132 	8132 	8129 	8133 	8133 	8133 	8131 	8134 	8134 	8133 	8134 	8138 	8137 	8135 	8133 	8134 	8133 	8130 	8131 	8132 	8136 	8132 	8134 	8133 	8131 	8128 	8131 	8131 	8131 	8133 	8129 	8133 	8126 	8130 	8129 	8130 	8132 	8133 	8130 	8126 	8127 	8125 	8129 	8129 	8127 	8125 	8127 	8121 	
8161 	8157 	8158 	8158 	8158 	8151 	8150 	8148 	8152 	8149 	8149 	8153 	8154 	8157 	8152 	8150 	8148 	8148 	8144 	8146 	8140 	8140 	8138 	8133 	8128 	8131 	8133 	8132 	8128 	8130 	8127 	8131 	8130 	8131 	8130 	8132 	8133 	8129 	8131 	8134 	8133 	8133 	8133 	8136 	8132 	8131 	8130 	8132 	8134 	8129 	8132 	8130 	8131 	8131 	8133 	8133 	8131 	8129 	8132 	8130 	8131 	8129 	8131 	8129 	8126 	8128 	8127 	8129 	8130 	8129 	8131 	8128 	8127 	8130 	8130 	8128 	8128 	8123 	8126 	8124 	
8161 	8158 	8160 	8161 	8153 	8152 	8153 	8147 	8150 	8150 	8156 	8155 	8158 	8152 	8151 	8152 	8152 	8149 	8147 	8147 	8141 	8140 	8139 	8139 	8131 	8132 	8130 	8131 	8130 	8128 	8131 	8133 	8130 	8133 	8132 	8131 	8132 	8131 	8134 	8133 	8133 	8133 	8133 	8137 	8135 	8133 	8134 	8134 	8130 	8130 	8131 	8132 	8134 	8136 	8135 	8132 	8130 	8129 	8130 	8131 	8130 	8131 	8130 	8131 	8130 	8130 	8127 	8129 	8132 	8131 	8131 	8130 	8127 	8127 	8133 	8132 	8129 	8125 	8122 	8120 	
8163 	8158 	8158 	8156 	8152 	8147 	8149 	8150 	8148 	8151 	8155 	8154 	8157 	8155 	8152 	8150 	8153 	8151 	8147 	8149 	8142 	8142 	8137 	8137 	8133 	8132 	8129 	8133 	8131 	8131 	8131 	8130 	8130 	8131 	8130 	8132 	8133 	8132 	8130 	8131 	8133 	8134 	8137 	8132 	8136 	8131 	8133 	8135 	8133 	8130 	8131 	8132 	8133 	8132 	8133 	8130 	8132 	8131 	8130 	8128 	8129 	8130 	8127 	8130 	8128 	8127 	8130 	8133 	8131 	8131 	8135 	8130 	8127 	8126 	8127 	8129 	8127 	8123 	8121 	8119 	
8167 	8159 	8154 	8154 	8149 	8150 	8151 	8150 	8154 	8153 	8157 	8152 	8153 	8155 	8153 	8152 	8150 	8150 	8146 	8147 	8145 	8143 	8138 	8138 	8130 	8131 	8129 	8129 	8132 	8129 	8130 	8130 	8129 	8128 	8130 	8133 	8132 	8131 	8133 	8132 	8134 	8134 	8135 	8133 	8132 	8137 	8132 	8131 	8129 	8133 	8130 	8130 	8130 	8132 	8130 	8133 	8135 	8132 	8131 	8128 	8132 	8132 	8130 	8129 	8130 	8130 	8128 	8131 	8131 	8130 	8131 	8130 	8129 	8129 	8130 	8132 	8128 	8122 	8123 	8121 	
8167 	8160 	8160 	8159 	8153 	8151 	8150 	8154 	8157 	8152 	8150 	8149 	8156 	8153 	8150 	8150 	8150 	8149 	8147 	8148 	8145 	8145 	8141 	8136 	8132 	8132 	8129 	8129 	8128 	8129 	8128 	8129 	8127 	8132 	8129 	8131 	8132 	8131 	8131 	8130 	8134 	8133 	8131 	8132 	8133 	8133 	8132 	8131 	8129 	8131 	8131 	8132 	8131 	8130 	8133 	8130 	8135 	8133 	8131 	8131 	8134 	8132 	8134 	8131 	8129 	8130 	8127 	8130 	8131 	8132 	8132 	8130 	8128 	8127 	8128 	8130 	8127 	8125 	8123 	8121 	
8153 	8155 	8159 	8162 	8155 	8157 	8152 	8156 	8156 	8152 	8147 	8152 	8155 	8155 	8151 	8150 	8153 	8152 	8150 	8146 	8143 	8143 	8143 	8139 	8132 	8131 	8126 	8129 	8130 	8130 	8130 	8128 	8128 	8130 	8129 	8130 	8129 	8129 	8133 	8129 	8132 	8132 	8130 	8132 	8132 	8131 	8133 	8131 	8131 	8131 	8129 	8128 	8131 	8132 	8133 	8135 	8133 	8134 	8132 	8133 	8130 	8129 	8130 	8129 	8131 	8133 	8131 	8134 	8130 	8130 	8133 	8128 	8130 	8128 	8127 	8130 	8127 	8124 	8124 	8119 	
8149 	8144 	8150 	8152 	8150 	8156 	8158 	8158 	8154 	8146 	8152 	8150 	8150 	8154 	8149 	8150 	8152 	8149 	8149 	8147 	8146 	8144 	8145 	8140 	8132 	8132 	8129 	8129 	8128 	8128 	8126 	8126 	8129 	8131 	8127 	8131 	8129 	8131 	8130 	8130 	8130 	8131 	8131 	8134 	8131 	8135 	8133 	8130 	8129 	8130 	8129 	8132 	8130 	8132 	8132 	8133 	8135 	8132 	8135 	8130 	8134 	8131 	8132 	8132 	8132 	8129 	8128 	8131 	8131 	8132 	8131 	8130 	8130 	8132 	8129 	8132 	8129 	8127 	8123 	8122 	
8143 	8139 	8141 	8144 	8147 	8150 	8155 	8157 	8154 	8152 	8155 	8153 	8153 	8148 	8150 	8148 	8148 	8147 	8151 	8147 	8149 	8145 	8143 	8138 	8136 	8132 	8127 	8127 	8126 	8127 	8126 	8128 	8128 	8127 	8129 	8128 	8126 	8130 	8130 	8131 	8130 	8129 	8130 	8133 	8131 	8133 	8133 	8132 	8130 	8130 	8131 	8128 	8132 	8131 	8134 	8130 	8132 	8130 	8131 	8131 	8136 	8129 	8133 	8131 	8129 	8134 	8128 	8131 	8130 	8133 	8132 	8132 	8131 	8130 	8130 	8133 	8131 	8126 	8124 	8122 	
8143 	8139 	8138 	8142 	8138 	8143 	8147 	8150 	8148 	8152 	8153 	8150 	8149 	8152 	8148 	8146 	8145 	8149 	8149 	8148 	8145 	8144 	8144 	8139 	8135 	8131 	8127 	8127 	8127 	8127 	8126 	8126 	8125 	8129 	8125 	8128 	8129 	8129 	8129 	8130 	8131 	8129 	8129 	8132 	8130 	8130 	8129 	8131 	8131 	8132 	8129 	8132 	8132 	8135 	8134 	8133 	8130 	8130 	8133 	8130 	8132 	8132 	8131 	8131 	8134 	8131 	8133 	8133 	8132 	8132 	8134 	8131 	8132 	8134 	8132 	8132 	8129 	8127 	8124 	8121 	
8146 	8145 	8139 	8142 	8139 	8143 	8144 	8145 	8145 	8146 	8146 	8147 	8149 	8146 	8143 	8143 	8150 	8149 	8148 	8148 	8148 	8145 	8144 	8142 	8136 	8132 	8127 	8131 	8127 	8126 	8129 	8129 	8127 	8131 	8127 	8129 	8129 	8133 	8131 	8131 	8130 	8129 	8132 	8131 	8133 	8132 	8128 	8130 	8131 	8130 	8129 	8134 	8132 	8131 	8131 	8133 	8132 	8131 	8134 	8132 	8132 	8129 	8133 	8132 	8131 	8130 	8132 	8132 	8135 	8131 	8134 	8137 	8132 	8134 	8132 	8134 	8132 	8126 	8124 	8122 	
8148 	8144 	8141 	8142 	8140 	8138 	8142 	8142 	8141 	8140 	8145 	8145 	8147 	8147 	8143 	8142 	8146 	8146 	8146 	8146 	8145 	8145 	8145 	8141 	8137 	8133 	8132 	8129 	8127 	8126 	8127 	8123 	8126 	8130 	8128 	8130 	8127 	8126 	8127 	8130 	8130 	8130 	8132 	8131 	8129 	8132 	8130 	8130 	8132 	8130 	8130 	8131 	8130 	8132 	8129 	8134 	8132 	8130 	8131 	8131 	8133 	8133 	8128 	8133 	8131 	8130 	8132 	8131 	8134 	8135 	8134 	8133 	8132 	8131 	8135 	8134 	8133 	8126 	8124 	8127 	
8150 	8145 	8143 	8146 	8138 	8139 	8140 	8139 	8139 	8139 	8141 	8140 	8141 	8143 	8140 	8140 	8144 	8146 	8145 	8146 	8143 	8144 	8140 	8140 	8139 	8131 	8130 	8130 	8127 	8127 	8125 	8125 	8127 	8126 	8126 	8126 	8129 	8125 	8129 	8129 	8128 	8128 	8128 	8133 	8130 	8131 	8129 	8130 	8129 	8130 	8129 	8128 	8134 	8131 	8130 	8131 	8130 	8130 	8135 	8129 	8131 	8134 	8131 	8132 	8129 	8129 	8130 	8134 	8133 	8136 	8137 	8136 	8133 	8135 	8134 	8138 	8134 	8127 	8125 	8124 	
8149 	8146 	8147 	8145 	8141 	8139 	8139 	8142 	8137 	8138 	8141 	8140 	8143 	8141 	8143 	8141 	8145 	8145 	8142 	8142 	8144 	8143 	8141 	8141 	8136 	8130 	8129 	8130 	8128 	8127 	8126 	8124 	8124 	8128 	8127 	8126 	8126 	8126 	8128 	8126 	8130 	8129 	8130 	8131 	8130 	8130 	8131 	8132 	8130 	8132 	8128 	8130 	8131 	8132 	8131 	8132 	8133 	8131 	8133 	8131 	8132 	8131 	8130 	8129 	8131 	8131 	8131 	8136 	8134 	8136 	8136 	8135 	8136 	8134 	8135 	8136 	8134 	8128 	8127 	8125 	
8148 	8144 	8146 	8147 	8140 	8143 	8139 	8140 	8138 	8138 	8137 	8139 	8137 	8141 	8140 	8141 	8139 	8139 	8142 	8143 	8141 	8142 	8141 	8144 	8138 	8132 	8131 	8129 	8127 	8127 	8124 	8124 	8127 	8126 	8124 	8124 	8125 	8125 	8127 	8128 	8126 	8129 	8128 	8128 	8129 	8128 	8128 	8130 	8129 	8128 	8132 	8129 	8129 	8129 	8128 	8131 	8130 	8130 	8135 	8130 	8131 	8129 	8129 	8127 	8129 	8130 	8131 	8131 	8135 	8135 	8138 	8138 	8133 	8135 	8133 	8131 	8130 	8126 	8127 	8121 	
8145 	8144 	8145 	8147 	8144 	8143 	8142 	8141 	8141 	8139 	8139 	8140 	8142 	8140 	8142 	8142 	8137 	8139 	8140 	8141 	8139 	8140 	8140 	8136 	8136 	8133 	8130 	8129 	8129 	8127 	8124 	8127 	8125 	8126 	8123 	8123 	8124 	8124 	8126 	8128 	8129 	8124 	8128 	8129 	8130 	8129 	8128 	8130 	8130 	8129 	8128 	8129 	8130 	8133 	8129 	8129 	8131 	8129 	8130 	8129 	8131 	8131 	8131 	8132 	8127 	8127 	8130 	8134 	8136 	8134 	8135 	8133 	8136 	8136 	8133 	8132 	8127 	8125 	8121 	8124 	
8146 	8150 	8149 	8150 	8144 	8145 	8144 	8144 	8145 	8144 	8138 	8141 	8144 	8142 	8140 	8139 	8138 	8140 	8139 	8145 	8140 	8141 	8142 	8135 	8133 	8130 	8131 	8132 	8129 	8127 	8124 	8127 	8126 	8126 	8124 	8127 	8125 	8124 	8127 	8127 	8128 	8126 	8128 	8130 	8130 	8129 	8127 	8129 	8126 	8128 	8128 	8131 	8128 	8126 	8126 	8129 	8129 	8129 	8132 	8131 	8132 	8131 	8131 	8127 	8127 	8129 	8128 	8134 	8136 	8134 	8135 	8132 	8132 	8134 	8133 	8130 	8127 	8125 	8127 	8125 	
8150 	8149 	8147 	8152 	8145 	8146 	8145 	8143 	8140 	8143 	8144 	8139 	8139 	8140 	8141 	8140 	8138 	8142 	8141 	8142 	8141 	8139 	8140 	8136 	8133 	8131 	8131 	8130 	8130 	8128 	8124 	8127 	8122 	8127 	8124 	8126 	8126 	8125 	8127 	8128 	8129 	8125 	8127 	8129 	8128 	8128 	8127 	8126 	8127 	8126 	8130 	8127 	8130 	8126 	8127 	8130 	8130 	8130 	8131 	8127 	8130 	8131 	8129 	8130 	8128 	8126 	8126 	8132 	8132 	8133 	8134 	8134 	8134 	8131 	8131 	8132 	8128 	8122 	8122 	8123 	
8149 	8149 	8152 	8152 	8151 	8146 	8148 	8144 	8145 	8144 	8147 	8143 	8146 	8142 	8144 	8143 	8141 	8142 	8143 	8143 	8142 	8141 	8143 	8142 	8133 	8133 	8130 	8131 	8131 	8131 	8126 	8127 	8127 	8128 	8124 	8127 	8126 	8125 	8127 	8126 	8126 	8127 	8129 	8127 	8128 	8129 	8126 	8127 	8125 	8128 	8128 	8126 	8130 	8129 	8130 	8127 	8132 	8130 	8134 	8131 	8132 	8130 	8129 	8130 	8128 	8130 	8132 	8132 	8136 	8134 	8136 	8132 	8134 	8129 	8128 	8132 	8128 	8123 	8127 	8123 	
8153 	8149 	8149 	8154 	8153 	8150 	8149 	8149 	8147 	8145 	8148 	8149 	8145 	8146 	8149 	8147 	8143 	8144 	8144 	8143 	8146 	8143 	8142 	8141 	8139 	8137 	8133 	8134 	8131 	8133 	8131 	8131 	8129 	8130 	8127 	8130 	8127 	8127 	8129 	8128 	8130 	8126 	8132 	8129 	8129 	8126 	8127 	8128 	8125 	8126 	8128 	8127 	8128 	8130 	8131 	8130 	8130 	8130 	8130 	8130 	8131 	8131 	8128 	8132 	8132 	8131 	8130 	8131 	8133 	8135 	8134 	8130 	8133 	8130 	8129 	8129 	8126 	8124 	8120 	8121 	
8159 	8154 	8148 	8154 	8151 	8153 	8149 	8148 	8149 	8149 	8148 	8145 	8146 	8148 	8147 	8145 	8146 	8145 	8147 	8146 	8147 	8144 	8147 	8142 	8139 	8142 	8136 	8135 	8135 	8134 	8134 	8134 	8130 	8131 	8131 	8127 	8128 	8129 	8128 	8130 	8130 	8128 	8128 	8126 	8129 	8128 	8127 	8124 	8127 	8126 	8125 	8129 	8131 	8130 	8130 	8129 	8131 	8130 	8128 	8128 	8133 	8131 	8128 	8134 	8135 	8131 	8128 	8130 	8131 	8133 	8134 	8130 	8131 	8128 	8128 	8127 	8130 	8119 	8120 	8117 	
8170 	8157 	8154 	8154 	8153 	8153 	8155 	8152 	8150 	8150 	8151 	8148 	8150 	8150 	8149 	8146 	8147 	8149 	8145 	8145 	8146 	8148 	8147 	8145 	8143 	8142 	8141 	8139 	8141 	8135 	8134 	8136 	8131 	8133 	8134 	8130 	8129 	8130 	8131 	8129 	8130 	8130 	8127 	8126 	8126 	8125 	8128 	8127 	8126 	8126 	8128 	8127 	8131 	8134 	8126 	8133 	8132 	8134 	8135 	8127 	8129 	8131 	8131 	8128 	8129 	8131 	8131 	8129 	8130 	8132 	8131 	8127 	8128 	8127 	8127 	8128 	8125 	8117 	8121 	8119 	
8168 	8164 	8155 	8154 	8151 	8151 	8155 	8153 	8151 	8152 	8153 	8152 	8154 	8152 	8151 	8151 	8150 	8150 	8148 	8150 	8145 	8144 	8149 	8144 	8142 	8149 	8142 	8144 	8138 	8137 	8134 	8135 	8131 	8134 	8130 	8132 	8132 	8130 	8131 	8130 	8129 	8127 	8130 	8127 	8122 	8125 	8125 	8125 	8126 	8129 	8127 	8129 	8134 	8132 	8129 	8135 	8136 	8131 	8133 	8131 	8133 	8128 	8131 	8131 	8133 	8131 	8134 	8133 	8127 	8131 	8126 	8126 	8125 	8124 	8123 	8128 	8123 	8117 	8119 	8119 	
8171 	8171 	8164 	8168 	8156 	8156 	8156 	8156 	8157 	8159 	8158 	8156 	8152 	8153 	8154 	8150 	8154 	8154 	8155 	8151 	8151 	8148 	8147 	8147 	8147 	8148 	8147 	8147 	8143 	8140 	8139 	8137 	8134 	8136 	8136 	8135 	8133 	8134 	8131 	8132 	8131 	8129 	8129 	8127 	8126 	8123 	8124 	8130 	8128 	8130 	8129 	8129 	8132 	8136 	8131 	8132 	8133 	8133 	8133 	8133 	8134 	8139 	8134 	8138 	8133 	8134 	8130 	8132 	8132 	8126 	8130 	8127 	8122 	8123 	8127 	8131 	8126 	8117 	8121 	8119 	
8168 	8166 	8171 	8171 	8166 	8158 	8157 	8159 	8156 	8156 	8157 	8155 	8156 	8153 	8154 	8152 	8155 	8154 	8154 	8150 	8154 	8152 	8146 	8148 	8147 	8150 	8149 	8149 	8148 	8147 	8142 	8141 	8135 	8138 	8138 	8137 	8132 	8135 	8133 	8132 	8131 	8132 	8131 	8129 	8126 	8125 	8126 	8128 	8127 	8132 	8132 	8134 	8135 	8133 	8134 	8133 	8134 	8132 	8132 	8131 	8133 	8132 	8134 	8135 	8133 	8135 	8129 	8135 	8125 	8126 	8127 	8121 	8122 	8125 	8128 	8125 	8123 	8113 	8120 	8120 	
8169 	8168 	8174 	8175 	8169 	8162 	8160 	8155 	8158 	8159 	8158 	8157 	8155 	8154 	8152 	8150 	8153 	8152 	8155 	8156 	8156 	8157 	8154 	8151 	8147 	8150 	8150 	8154 	8152 	8149 	8147 	8144 	8141 	8140 	8141 	8137 	8136 	8135 	8135 	8134 	8134 	8129 	8128 	8131 	8131 	8129 	8130 	8133 	8130 	8133 	8136 	8135 	8139 	8138 	8134 	8137 	8136 	8135 	8133 	8137 	8134 	8136 	8135 	8137 	8137 	8131 	8131 	8131 	8132 	8128 	8127 	8124 	8121 	8121 	8125 	8124 	8120 	8116 	8114 	8117 	
8167 	8169 	8171 	8174 	8163 	8170 	8165 	8158 	8162 	8158 	8160 	8155 	8156 	8156 	8154 	8151 	8151 	8153 	8156 	8153 	8155 	8161 	8160 	8157 	8151 	8154 	8156 	8159 	8156 	8153 	8151 	8151 	8147 	8142 	8144 	8139 	8140 	8137 	8135 	8134 	8134 	8131 	8129 	8131 	8131 	8131 	8133 	8135 	8132 	8135 	8137 	8141 	8143 	8141 	8137 	8139 	8133 	8134 	8138 	8134 	8137 	8139 	8135 	8136 	8137 	8134 	8130 	8131 	8133 	8127 	8122 	8123 	8122 	8120 	8121 	8124 	8120 	8114 	8120 	8119 	
8170 	8168 	8171 	8170 	8164 	8166 	8169 	8164 	8160 	8157 	8159 	8154 	8156 	8156 	8152 	8152 	8157 	8152 	8153 	8157 	8155 	8155 	8157 	8159 	8155 	8159 	8157 	8159 	8158 	8156 	8153 	8152 	8148 	8146 	8141 	8142 	8138 	8140 	8137 	8139 	8134 	8135 	8132 	8130 	8136 	8135 	8132 	8134 	8136 	8139 	8142 	8140 	8142 	8141 	8136 	8140 	8137 	8138 	8137 	8137 	8140 	8136 	8137 	8140 	8138 	8132 	8130 	8132 	8128 	8125 	8123 	8122 	8119 	8119 	8119 	8123 	8119 	8116 	8117 	8115 	
8169 	8171 	8169 	8173 	8167 	8165 	8167 	8159 	8162 	8160 	8159 	8160 	8158 	8159 	8155 	8151 	8154 	8154 	8157 	8154 	8157 	8158 	8155 	8156 	8154 	8156 	8158 	8159 	8160 	8157 	8157 	8156 	8151 	8155 	8148 	8140 	8139 	8137 	8140 	8137 	8135 	8132 	8133 	8135 	8134 	8134 	8134 	8137 	8140 	8143 	8145 	8145 	8147 	8140 	8142 	8141 	8139 	8138 	8140 	8140 	8139 	8140 	8141 	8146 	8138 	8135 	8135 	8133 	8124 	8123 	8121 	8120 	8120 	8120 	8123 	8123 	8120 	8113 	8117 	8116 	
8171 	8175 	8176 	8172 	8168 	8168 	8166 	8160 	8161 	8162 	8158 	8156 	8156 	8150 	8149 	8151 	8158 	8154 	8157 	8155 	8153 	8156 	8154 	8159 	8154 	8156 	8157 	8158 	8161 	8160 	8159 	8161 	8159 	8156 	8147 	8142 	8139 	8141 	8139 	8139 	8135 	8134 	8136 	8138 	8138 	8133 	8135 	8140 	8138 	8145 	8145 	8146 	8145 	8144 	8141 	8139 	8140 	8139 	8140 	8142 	8143 	8142 	8142 	8146 	8140 	8136 	8135 	8131 	8126 	8124 	8125 	8120 	8120 	8118 	8118 	8122 	8121 	8114 	8118 	8118 	
8178 	8176 	8177 	8173 	8167 	8166 	8170 	8162 	8161 	8158 	8157 	8156 	8153 	8153 	8154 	8151 	8152 	8154 	8151 	8152 	8152 	8153 	8153 	8155 	8156 	8157 	8160 	8161 	8162 	8166 	8165 	8167 	8163 	8158 	8149 	8142 	8140 	8140 	8140 	8140 	8135 	8136 	8137 	8139 	8138 	8137 	8136 	8138 	8142 	8145 	8146 	8145 	8145 	8143 	8139 	8144 	8143 	8143 	8144 	8143 	8148 	8145 	8146 	8144 	8138 	8133 	8134 	8130 	8126 	8124 	8124 	8119 	8117 	8119 	8119 	8118 	8118 	8112 	8118 	8116 	
8198 	8182 	8174 	8174 	8163 	8164 	8165 	8163 	8160 	8159 	8158 	8153 	8152 	8152 	8154 	8149 	8149 	8150 	8147 	8146 	8149 	8149 	8147 	8150 	8150 	8153 	8155 	8161 	8161 	8162 	8164 	8167 	8158 	8154 	8146 	8141 	8139 	8137 	8138 	8138 	8138 	8136 	8136 	8137 	8135 	8138 	8134 	8140 	8142 	8146 	8146 	8149 	8144 	8143 	8141 	8146 	8145 	8138 	8142 	8146 	8148 	8143 	8143 	8143 	8138 	8135 	8134 	8129 	8123 	8124 	8123 	8117 	8114 	8117 	8118 	8122 	8115 	8114 	8115 	8116 	


