8678 	8674 	8677 	8673 	8676 	8678 	8675 	8674 	8669 	8670 	8670 	8673 	8667 	8665 	8664 	8661 	8660 	8659 	8654 	8655 	8650 	8650 	8648 	8644 	8647 	8645 	8642 	8640 	8637 	8636 	8642 	8635 	8631 	8634 	8633 	8635 	8632 	8632 	8634 	8634 	8634 	8633 	8631 	8637 	8637 	8636 	8638 	8638 	8638 	8637 	8637 	8637 	8641 	8639 	8641 	8644 	8645 	8648 	8647 	8648 	8648 	8655 	8654 	8654 	8650 	8654 	8656 	8661 	8657 	8657 	8656 	8657 	8659 	8656 	8656 	8654 	8654 	8659 	8653 	8652 	
8679 	8673 	8672 	8672 	8674 	8671 	8675 	8671 	8668 	8668 	8667 	8666 	8667 	8666 	8663 	8660 	8658 	8657 	8655 	8648 	8651 	8646 	8646 	8644 	8643 	8638 	8641 	8638 	8639 	8636 	8635 	8635 	8632 	8632 	8630 	8630 	8633 	8634 	8633 	8634 	8637 	8633 	8632 	8634 	8637 	8636 	8636 	8641 	8636 	8639 	8633 	8638 	8641 	8640 	8639 	8640 	8648 	8651 	8648 	8646 	8648 	8649 	8651 	8651 	8653 	8656 	8657 	8659 	8656 	8658 	8656 	8656 	8654 	8654 	8655 	8656 	8652 	8658 	8653 	8651 	
8674 	8671 	8672 	8675 	8670 	8670 	8668 	8669 	8666 	8666 	8664 	8666 	8661 	8661 	8659 	8658 	8651 	8656 	8654 	8649 	8649 	8647 	8643 	8640 	8639 	8640 	8638 	8634 	8637 	8636 	8631 	8633 	8631 	8632 	8628 	8631 	8634 	8636 	8631 	8631 	8630 	8632 	8633 	8630 	8634 	8632 	8635 	8637 	8638 	8636 	8637 	8637 	8640 	8638 	8641 	8641 	8643 	8647 	8646 	8646 	8650 	8650 	8651 	8651 	8650 	8658 	8655 	8657 	8661 	8655 	8656 	8655 	8653 	8655 	8658 	8656 	8657 	8658 	8654 	8649 	
8668 	8665 	8669 	8664 	8664 	8663 	8665 	8666 	8665 	8663 	8660 	8661 	8655 	8653 	8653 	8652 	8651 	8650 	8646 	8645 	8644 	8643 	8639 	8640 	8639 	8634 	8637 	8632 	8632 	8632 	8635 	8630 	8622 	8630 	8626 	8629 	8632 	8631 	8631 	8630 	8633 	8632 	8632 	8630 	8632 	8632 	8631 	8634 	8634 	8636 	8635 	8635 	8638 	8635 	8639 	8641 	8639 	8645 	8645 	8648 	8646 	8648 	8649 	8648 	8654 	8658 	8657 	8653 	8658 	8656 	8653 	8654 	8653 	8655 	8658 	8655 	8656 	8659 	8650 	8653 	
8662 	8664 	8659 	8664 	8655 	8661 	8662 	8664 	8660 	8658 	8655 	8654 	8655 	8652 	8650 	8648 	8646 	8649 	8647 	8649 	8641 	8637 	8637 	8636 	8634 	8635 	8632 	8634 	8631 	8632 	8631 	8630 	8628 	8627 	8630 	8626 	8629 	8632 	8628 	8629 	8629 	8630 	8631 	8633 	8627 	8627 	8632 	8638 	8631 	8636 	8634 	8632 	8633 	8630 	8637 	8640 	8642 	8646 	8645 	8644 	8647 	8648 	8649 	8649 	8652 	8653 	8658 	8654 	8652 	8658 	8656 	8656 	8657 	8653 	8657 	8654 	8653 	8653 	8652 	8651 	
8657 	8657 	8660 	8658 	8660 	8663 	8661 	8658 	8658 	8656 	8656 	8653 	8648 	8652 	8647 	8641 	8644 	8642 	8642 	8640 	8640 	8638 	8635 	8635 	8630 	8633 	8630 	8632 	8625 	8628 	8629 	8625 	8624 	8627 	8626 	8628 	8628 	8629 	8627 	8629 	8629 	8628 	8629 	8632 	8629 	8627 	8632 	8633 	8632 	8632 	8634 	8630 	8635 	8635 	8635 	8638 	8636 	8639 	8641 	8645 	8643 	8647 	8648 	8649 	8647 	8651 	8653 	8651 	8653 	8655 	8655 	8653 	8655 	8653 	8655 	8654 	8650 	8654 	8649 	8649 	
8656 	8656 	8661 	8657 	8658 	8659 	8658 	8654 	8655 	8655 	8651 	8654 	8650 	8643 	8644 	8644 	8639 	8638 	8639 	8639 	8637 	8636 	8631 	8632 	8633 	8631 	8630 	8629 	8626 	8629 	8627 	8626 	8625 	8626 	8625 	8625 	8623 	8626 	8629 	8629 	8629 	8628 	8630 	8630 	8629 	8629 	8634 	8631 	8628 	8634 	8632 	8628 	8634 	8634 	8634 	8635 	8636 	8641 	8643 	8642 	8642 	8648 	8642 	8646 	8646 	8648 	8652 	8651 	8651 	8651 	8651 	8649 	8650 	8650 	8653 	8651 	8651 	8648 	8648 	8644 	
8653 	8652 	8650 	8653 	8653 	8654 	8655 	8647 	8654 	8651 	8648 	8648 	8646 	8643 	8642 	8641 	8638 	8637 	8637 	8634 	8632 	8632 	8629 	8630 	8630 	8631 	8628 	8629 	8627 	8626 	8625 	8624 	8622 	8622 	8624 	8626 	8625 	8624 	8627 	8623 	8629 	8625 	8627 	8626 	8631 	8627 	8628 	8630 	8628 	8635 	8634 	8630 	8632 	8633 	8634 	8636 	8638 	8642 	8640 	8643 	8642 	8642 	8646 	8646 	8644 	8648 	8647 	8645 	8650 	8648 	8649 	8649 	8653 	8647 	8651 	8652 	8654 	8649 	8651 	8649 	
8654 	8649 	8647 	8648 	8647 	8654 	8649 	8645 	8649 	8645 	8652 	8646 	8646 	8641 	8637 	8638 	8635 	8634 	8634 	8632 	8631 	8632 	8630 	8627 	8628 	8631 	8628 	8627 	8626 	8625 	8623 	8623 	8624 	8625 	8623 	8625 	8622 	8627 	8623 	8628 	8627 	8627 	8627 	8628 	8627 	8628 	8629 	8630 	8626 	8631 	8629 	8630 	8628 	8632 	8632 	8634 	8633 	8636 	8640 	8640 	8643 	8642 	8640 	8643 	8645 	8646 	8646 	8650 	8650 	8647 	8649 	8650 	8649 	8647 	8651 	8650 	8649 	8648 	8647 	8650 	
8647 	8642 	8644 	8644 	8647 	8651 	8648 	8644 	8643 	8643 	8642 	8644 	8640 	8638 	8635 	8636 	8635 	8630 	8629 	8632 	8630 	8627 	8630 	8631 	8624 	8628 	8624 	8625 	8624 	8624 	8625 	8624 	8623 	8622 	8621 	8623 	8623 	8623 	8623 	8625 	8623 	8623 	8626 	8626 	8628 	8623 	8628 	8625 	8627 	8629 	8630 	8626 	8630 	8630 	8632 	8635 	8634 	8636 	8638 	8638 	8640 	8642 	8642 	8642 	8645 	8648 	8645 	8644 	8646 	8650 	8647 	8649 	8649 	8650 	8650 	8645 	8650 	8646 	8644 	8642 	
8646 	8639 	8647 	8638 	8643 	8646 	8643 	8637 	8640 	8641 	8639 	8638 	8636 	8634 	8635 	8633 	8634 	8630 	8628 	8629 	8629 	8629 	8628 	8624 	8623 	8626 	8624 	8623 	8626 	8626 	8622 	8626 	8623 	8627 	8618 	8627 	8621 	8621 	8622 	8626 	8627 	8623 	8623 	8624 	8626 	8624 	8626 	8630 	8625 	8630 	8628 	8625 	8629 	8628 	8633 	8634 	8634 	8635 	8637 	8637 	8640 	8640 	8639 	8643 	8644 	8644 	8645 	8644 	8645 	8642 	8648 	8646 	8647 	8644 	8649 	8648 	8646 	8646 	8646 	8643 	
8645 	8640 	8641 	8640 	8636 	8641 	8637 	8640 	8637 	8635 	8635 	8635 	8630 	8628 	8631 	8630 	8624 	8626 	8628 	8627 	8622 	8628 	8624 	8621 	8620 	8622 	8622 	8622 	8621 	8621 	8622 	8622 	8619 	8623 	8621 	8619 	8620 	8624 	8622 	8626 	8625 	8621 	8624 	8621 	8625 	8622 	8624 	8627 	8626 	8631 	8628 	8626 	8631 	8629 	8631 	8632 	8629 	8637 	8637 	8635 	8637 	8640 	8639 	8644 	8641 	8641 	8646 	8642 	8644 	8643 	8647 	8644 	8647 	8643 	8642 	8645 	8647 	8645 	8644 	8643 	
8644 	8639 	8642 	8637 	8635 	8639 	8631 	8633 	8632 	8632 	8633 	8631 	8628 	8628 	8628 	8627 	8624 	8622 	8625 	8623 	8620 	8621 	8623 	8619 	8616 	8619 	8620 	8622 	8616 	8621 	8620 	8621 	8619 	8619 	8618 	8621 	8620 	8622 	8619 	8624 	8619 	8625 	8622 	8623 	8625 	8622 	8624 	8623 	8626 	8623 	8627 	8625 	8625 	8622 	8627 	8633 	8631 	8634 	8631 	8634 	8637 	8642 	8638 	8641 	8643 	8641 	8644 	8644 	8643 	8646 	8644 	8642 	8643 	8638 	8641 	8642 	8645 	8642 	8642 	8641 	
8638 	8639 	8640 	8634 	8634 	8634 	8631 	8628 	8629 	8628 	8627 	8626 	8623 	8623 	8623 	8620 	8620 	8622 	8624 	8622 	8619 	8617 	8619 	8618 	8618 	8617 	8619 	8620 	8620 	8620 	8618 	8621 	8618 	8620 	8615 	8619 	8620 	8616 	8623 	8619 	8620 	8624 	8619 	8622 	8619 	8619 	8621 	8622 	8623 	8625 	8624 	8623 	8625 	8624 	8624 	8630 	8630 	8631 	8633 	8633 	8635 	8640 	8639 	8638 	8639 	8641 	8644 	8645 	8645 	8643 	8644 	8646 	8642 	8644 	8645 	8640 	8644 	8642 	8639 	8635 	
8640 	8636 	8638 	8628 	8634 	8633 	8632 	8627 	8633 	8628 	8624 	8627 	8624 	8623 	8625 	8620 	8618 	8617 	8621 	8619 	8614 	8616 	8614 	8614 	8615 	8618 	8615 	8619 	8618 	8617 	8616 	8619 	8616 	8616 	8615 	8617 	8611 	8616 	8615 	8621 	8619 	8622 	8619 	8622 	8620 	8618 	8620 	8624 	8623 	8629 	8624 	8624 	8626 	8625 	8628 	8626 	8628 	8633 	8634 	8633 	8638 	8640 	8640 	8640 	8639 	8640 	8641 	8642 	8643 	8643 	8644 	8641 	8647 	8641 	8641 	8643 	8640 	8642 	8636 	8638 	
8634 	8632 	8634 	8631 	8628 	8633 	8628 	8625 	8627 	8624 	8624 	8624 	8623 	8620 	8622 	8614 	8618 	8615 	8615 	8614 	8613 	8614 	8615 	8613 	8614 	8614 	8614 	8616 	8614 	8615 	8615 	8614 	8614 	8615 	8616 	8614 	8614 	8614 	8614 	8617 	8617 	8618 	8619 	8617 	8621 	8621 	8620 	8619 	8620 	8622 	8620 	8622 	8624 	8623 	8626 	8630 	8629 	8630 	8635 	8633 	8635 	8636 	8636 	8639 	8638 	8645 	8645 	8642 	8642 	8644 	8642 	8639 	8640 	8639 	8643 	8640 	8642 	8644 	8637 	8641 	
8633 	8628 	8632 	8628 	8630 	8634 	8628 	8628 	8623 	8623 	8621 	8618 	8621 	8615 	8617 	8615 	8615 	8612 	8610 	8611 	8611 	8614 	8611 	8612 	8613 	8613 	8612 	8612 	8616 	8612 	8613 	8614 	8612 	8611 	8612 	8615 	8610 	8613 	8611 	8610 	8618 	8615 	8616 	8617 	8619 	8615 	8616 	8620 	8617 	8620 	8622 	8618 	8624 	8621 	8623 	8626 	8624 	8631 	8631 	8632 	8633 	8634 	8635 	8636 	8641 	8644 	8646 	8639 	8642 	8642 	8644 	8641 	8640 	8641 	8643 	8643 	8645 	8647 	8640 	8636 	
8633 	8628 	8628 	8629 	8628 	8627 	8626 	8623 	8626 	8622 	8617 	8617 	8620 	8616 	8614 	8614 	8612 	8611 	8611 	8613 	8611 	8610 	8614 	8608 	8612 	8610 	8609 	8610 	8611 	8615 	8609 	8613 	8613 	8611 	8608 	8611 	8611 	8613 	8611 	8612 	8618 	8617 	8615 	8617 	8616 	8617 	8619 	8614 	8618 	8619 	8618 	8619 	8617 	8623 	8622 	8622 	8627 	8629 	8631 	8636 	8635 	8632 	8634 	8635 	8639 	8640 	8643 	8643 	8638 	8640 	8639 	8638 	8637 	8639 	8640 	8642 	8641 	8644 	8642 	8641 	
8631 	8632 	8631 	8631 	8630 	8629 	8624 	8620 	8622 	8618 	8615 	8617 	8616 	8612 	8614 	8612 	8610 	8611 	8610 	8609 	8611 	8606 	8605 	8610 	8607 	8609 	8608 	8611 	8607 	8609 	8610 	8613 	8609 	8610 	8610 	8610 	8607 	8610 	8611 	8609 	8612 	8613 	8614 	8615 	8616 	8616 	8613 	8615 	8615 	8620 	8618 	8616 	8623 	8619 	8622 	8623 	8622 	8627 	8626 	8629 	8629 	8635 	8635 	8629 	8634 	8641 	8641 	8640 	8642 	8640 	8639 	8639 	8639 	8637 	8635 	8639 	8640 	8641 	8639 	8638 	
8629 	8626 	8630 	8625 	8629 	8628 	8624 	8623 	8621 	8620 	8616 	8614 	8615 	8616 	8614 	8612 	8614 	8609 	8611 	8607 	8609 	8606 	8605 	8607 	8606 	8609 	8605 	8605 	8605 	8605 	8611 	8610 	8605 	8607 	8606 	8607 	8604 	8608 	8607 	8612 	8612 	8613 	8609 	8611 	8613 	8611 	8612 	8613 	8614 	8619 	8616 	8615 	8617 	8618 	8622 	8624 	8621 	8625 	8627 	8632 	8630 	8633 	8635 	8633 	8633 	8636 	8637 	8636 	8638 	8641 	8636 	8637 	8639 	8638 	8637 	8637 	8641 	8637 	8638 	8640 	
8631 	8623 	8630 	8630 	8625 	8626 	8623 	8624 	8620 	8621 	8617 	8614 	8616 	8611 	8612 	8612 	8612 	8611 	8610 	8609 	8608 	8606 	8604 	8604 	8603 	8609 	8599 	8605 	8604 	8605 	8608 	8605 	8605 	8600 	8601 	8604 	8606 	8604 	8607 	8608 	8610 	8610 	8610 	8613 	8611 	8611 	8616 	8615 	8612 	8615 	8617 	8612 	8615 	8617 	8620 	8623 	8625 	8628 	8626 	8631 	8633 	8632 	8633 	8634 	8636 	8634 	8635 	8637 	8635 	8635 	8635 	8636 	8638 	8634 	8639 	8636 	8641 	8639 	8635 	8635 	
8633 	8625 	8626 	8623 	8623 	8625 	8622 	8618 	8620 	8621 	8620 	8618 	8615 	8611 	8614 	8611 	8608 	8605 	8610 	8606 	8607 	8604 	8601 	8598 	8605 	8603 	8605 	8605 	8605 	8605 	8605 	8605 	8602 	8603 	8601 	8604 	8602 	8604 	8608 	8606 	8608 	8607 	8607 	8606 	8609 	8612 	8610 	8611 	8613 	8613 	8617 	8613 	8616 	8618 	8622 	8623 	8624 	8624 	8627 	8630 	8631 	8632 	8634 	8632 	8632 	8633 	8637 	8636 	8639 	8640 	8638 	8635 	8639 	8633 	8640 	8635 	8640 	8638 	8634 	8635 	
8628 	8628 	8625 	8622 	8621 	8624 	8617 	8620 	8619 	8616 	8618 	8618 	8616 	8615 	8613 	8610 	8610 	8606 	8606 	8606 	8604 	8603 	8602 	8602 	8603 	8604 	8604 	8603 	8603 	8597 	8601 	8602 	8601 	8602 	8600 	8603 	8601 	8603 	8604 	8608 	8609 	8609 	8609 	8609 	8611 	8609 	8613 	8614 	8614 	8615 	8613 	8611 	8619 	8617 	8622 	8623 	8623 	8626 	8625 	8630 	8628 	8631 	8629 	8634 	8631 	8632 	8634 	8636 	8634 	8638 	8639 	8635 	8636 	8636 	8635 	8636 	8639 	8639 	8635 	8638 	
8626 	8620 	8623 	8621 	8620 	8623 	8620 	8615 	8620 	8621 	8619 	8619 	8615 	8615 	8612 	8609 	8607 	8606 	8609 	8606 	8607 	8606 	8606 	8604 	8603 	8608 	8603 	8602 	8601 	8603 	8599 	8599 	8597 	8601 	8600 	8600 	8603 	8603 	8602 	8604 	8603 	8610 	8609 	8609 	8610 	8608 	8613 	8613 	8611 	8616 	8614 	8614 	8616 	8617 	8620 	8621 	8620 	8627 	8627 	8627 	8630 	8630 	8634 	8633 	8635 	8634 	8632 	8634 	8636 	8638 	8638 	8638 	8635 	8635 	8637 	8635 	8636 	8635 	8633 	8629 	
8625 	8623 	8621 	8622 	8623 	8623 	8620 	8617 	8621 	8619 	8616 	8616 	8613 	8612 	8611 	8608 	8609 	8606 	8607 	8609 	8605 	8608 	8605 	8603 	8605 	8606 	8601 	8602 	8599 	8599 	8599 	8600 	8599 	8600 	8599 	8599 	8600 	8599 	8599 	8604 	8605 	8604 	8606 	8605 	8610 	8610 	8609 	8614 	8613 	8614 	8613 	8614 	8616 	8618 	8619 	8620 	8622 	8622 	8624 	8628 	8629 	8628 	8631 	8633 	8637 	8632 	8632 	8633 	8634 	8636 	8634 	8635 	8632 	8636 	8636 	8635 	8639 	8635 	8633 	8633 	
8623 	8623 	8623 	8621 	8622 	8622 	8618 	8617 	8620 	8618 	8617 	8615 	8616 	8612 	8613 	8607 	8608 	8605 	8606 	8608 	8609 	8605 	8604 	8604 	8605 	8605 	8600 	8603 	8600 	8598 	8599 	8596 	8599 	8603 	8596 	8597 	8597 	8599 	8598 	8599 	8602 	8604 	8604 	8604 	8607 	8605 	8610 	8611 	8612 	8611 	8609 	8613 	8613 	8617 	8615 	8619 	8620 	8624 	8625 	8626 	8628 	8634 	8630 	8634 	8636 	8635 	8632 	8633 	8634 	8633 	8633 	8634 	8635 	8631 	8635 	8633 	8634 	8635 	8633 	8634 	
8620 	8616 	8620 	8622 	8617 	8621 	8619 	8613 	8614 	8612 	8615 	8615 	8615 	8609 	8613 	8609 	8610 	8607 	8605 	8605 	8607 	8606 	8604 	8604 	8605 	8602 	8602 	8600 	8600 	8598 	8598 	8599 	8599 	8600 	8597 	8597 	8600 	8599 	8599 	8603 	8600 	8600 	8604 	8604 	8605 	8605 	8609 	8611 	8609 	8613 	8610 	8613 	8615 	8615 	8615 	8618 	8620 	8623 	8623 	8628 	8627 	8626 	8630 	8635 	8632 	8630 	8632 	8632 	8631 	8632 	8629 	8627 	8632 	8631 	8635 	8634 	8636 	8633 	8634 	8630 	
8619 	8617 	8621 	8618 	8617 	8620 	8616 	8615 	8615 	8612 	8611 	8613 	8611 	8611 	8609 	8609 	8608 	8606 	8606 	8604 	8602 	8604 	8603 	8600 	8603 	8601 	8600 	8600 	8599 	8596 	8598 	8599 	8599 	8596 	8596 	8598 	8601 	8600 	8599 	8600 	8596 	8601 	8596 	8600 	8603 	8601 	8607 	8608 	8610 	8612 	8610 	8610 	8615 	8615 	8615 	8617 	8621 	8624 	8626 	8627 	8628 	8627 	8631 	8633 	8630 	8632 	8629 	8629 	8634 	8629 	8628 	8628 	8627 	8631 	8634 	8634 	8634 	8635 	8631 	8630 	
8621 	8614 	8615 	8615 	8614 	8619 	8616 	8614 	8615 	8610 	8612 	8613 	8614 	8611 	8609 	8611 	8609 	8607 	8606 	8606 	8604 	8603 	8605 	8599 	8600 	8598 	8599 	8601 	8600 	8594 	8594 	8595 	8595 	8596 	8593 	8598 	8599 	8597 	8594 	8597 	8595 	8596 	8596 	8597 	8601 	8602 	8608 	8606 	8609 	8613 	8611 	8610 	8614 	8613 	8618 	8616 	8621 	8623 	8621 	8624 	8629 	8633 	8630 	8630 	8633 	8632 	8631 	8631 	8633 	8634 	8631 	8630 	8630 	8629 	8633 	8636 	8631 	8635 	8631 	8624 	
8615 	8615 	8615 	8613 	8614 	8620 	8615 	8611 	8615 	8613 	8614 	8613 	8615 	8612 	8607 	8609 	8606 	8610 	8606 	8608 	8603 	8603 	8603 	8598 	8601 	8597 	8596 	8595 	8596 	8590 	8592 	8591 	8593 	8593 	8590 	8595 	8597 	8596 	8598 	8593 	8594 	8594 	8594 	8596 	8600 	8601 	8600 	8607 	8606 	8606 	8611 	8612 	8613 	8614 	8617 	8616 	8620 	8625 	8624 	8628 	8629 	8632 	8631 	8633 	8634 	8635 	8630 	8634 	8637 	8635 	8631 	8630 	8628 	8630 	8635 	8629 	8634 	8631 	8629 	8630 	
8617 	8614 	8614 	8612 	8615 	8617 	8613 	8610 	8614 	8612 	8611 	8616 	8614 	8608 	8610 	8606 	8604 	8606 	8605 	8606 	8604 	8604 	8600 	8601 	8598 	8599 	8598 	8590 	8593 	8589 	8592 	8593 	8591 	8592 	8594 	8595 	8592 	8592 	8594 	8595 	8595 	8592 	8592 	8593 	8594 	8597 	8599 	8603 	8601 	8603 	8608 	8608 	8610 	8613 	8613 	8617 	8618 	8621 	8627 	8625 	8629 	8632 	8633 	8637 	8636 	8632 	8634 	8632 	8633 	8637 	8631 	8630 	8628 	8631 	8634 	8633 	8633 	8634 	8631 	8629 	
8618 	8612 	8612 	8610 	8609 	8620 	8617 	8610 	8615 	8615 	8612 	8611 	8611 	8608 	8610 	8607 	8608 	8605 	8600 	8606 	8603 	8604 	8600 	8601 	8602 	8605 	8598 	8594 	8594 	8591 	8589 	8592 	8592 	8592 	8586 	8593 	8591 	8591 	8593 	8593 	8594 	8592 	8591 	8594 	8592 	8593 	8598 	8600 	8598 	8602 	8604 	8605 	8609 	8610 	8613 	8615 	8619 	8619 	8623 	8623 	8625 	8631 	8633 	8635 	8633 	8636 	8633 	8632 	8634 	8636 	8631 	8628 	8630 	8631 	8635 	8633 	8631 	8633 	8633 	8632 	
8619 	8614 	8612 	8612 	8613 	8621 	8616 	8608 	8611 	8610 	8610 	8611 	8610 	8608 	8609 	8607 	8605 	8602 	8606 	8600 	8602 	8603 	8599 	8602 	8602 	8598 	8600 	8597 	8595 	8596 	8593 	8595 	8591 	8593 	8589 	8591 	8591 	8589 	8590 	8590 	8595 	8590 	8592 	8594 	8593 	8594 	8595 	8595 	8598 	8601 	8603 	8604 	8608 	8609 	8610 	8614 	8611 	8621 	8622 	8617 	8626 	8630 	8631 	8636 	8636 	8632 	8635 	8633 	8632 	8631 	8634 	8629 	8630 	8632 	8636 	8640 	8639 	8635 	8631 	8633 	
8617 	8614 	8616 	8614 	8611 	8615 	8612 	8611 	8614 	8612 	8609 	8611 	8611 	8605 	8605 	8604 	8606 	8605 	8603 	8603 	8602 	8606 	8603 	8599 	8600 	8600 	8597 	8597 	8596 	8597 	8598 	8595 	8594 	8594 	8591 	8594 	8591 	8588 	8589 	8588 	8592 	8592 	8590 	8593 	8592 	8589 	8593 	8598 	8599 	8600 	8602 	8603 	8605 	8607 	8605 	8610 	8613 	8618 	8621 	8619 	8623 	8631 	8630 	8630 	8628 	8632 	8633 	8632 	8631 	8636 	8630 	8630 	8629 	8631 	8637 	8634 	8633 	8637 	8634 	8633 	
8618 	8616 	8615 	8614 	8613 	8612 	8612 	8613 	8611 	8608 	8611 	8610 	8611 	8606 	8609 	8606 	8605 	8606 	8600 	8602 	8602 	8604 	8601 	8600 	8602 	8598 	8600 	8598 	8598 	8599 	8597 	8596 	8598 	8598 	8597 	8597 	8592 	8594 	8592 	8593 	8592 	8592 	8591 	8595 	8593 	8596 	8595 	8598 	8598 	8602 	8604 	8602 	8604 	8606 	8607 	8609 	8611 	8615 	8616 	8621 	8622 	8629 	8630 	8632 	8632 	8633 	8631 	8634 	8634 	8631 	8629 	8631 	8631 	8629 	8634 	8632 	8636 	8637 	8636 	8636 	
8620 	8612 	8614 	8612 	8612 	8615 	8613 	8612 	8610 	8609 	8609 	8612 	8609 	8605 	8604 	8602 	8607 	8601 	8601 	8598 	8600 	8596 	8601 	8598 	8603 	8601 	8598 	8597 	8600 	8598 	8597 	8598 	8592 	8600 	8594 	8599 	8598 	8597 	8596 	8592 	8594 	8598 	8597 	8596 	8596 	8594 	8598 	8599 	8600 	8604 	8606 	8607 	8613 	8611 	8610 	8610 	8613 	8620 	8620 	8619 	8622 	8627 	8628 	8630 	8634 	8632 	8631 	8634 	8631 	8631 	8631 	8630 	8632 	8629 	8634 	8633 	8636 	8637 	8637 	8633 	
8617 	8616 	8613 	8613 	8611 	8614 	8613 	8611 	8614 	8610 	8612 	8611 	8611 	8607 	8609 	8604 	8602 	8603 	8602 	8602 	8599 	8602 	8599 	8599 	8599 	8596 	8596 	8598 	8598 	8600 	8596 	8596 	8596 	8598 	8597 	8600 	8598 	8601 	8599 	8598 	8594 	8600 	8599 	8599 	8602 	8600 	8604 	8599 	8601 	8605 	8609 	8605 	8617 	8614 	8615 	8619 	8618 	8619 	8621 	8623 	8628 	8633 	8632 	8635 	8637 	8633 	8634 	8634 	8634 	8630 	8633 	8634 	8632 	8630 	8632 	8632 	8636 	8637 	8633 	8628 	
8614 	8611 	8612 	8612 	8612 	8614 	8614 	8612 	8613 	8609 	8608 	8610 	8606 	8603 	8606 	8603 	8603 	8602 	8602 	8602 	8599 	8603 	8597 	8595 	8600 	8596 	8596 	8596 	8596 	8597 	8593 	8595 	8596 	8596 	8596 	8599 	8600 	8604 	8602 	8599 	8599 	8598 	8603 	8600 	8604 	8601 	8604 	8603 	8603 	8604 	8609 	8606 	8613 	8615 	8615 	8617 	8617 	8621 	8622 	8625 	8627 	8628 	8631 	8631 	8637 	8637 	8635 	8636 	8636 	8632 	8632 	8632 	8634 	8630 	8630 	8632 	8634 	8637 	8633 	8635 	
8614 	8617 	8618 	8617 	8612 	8613 	8616 	8614 	8614 	8607 	8611 	8608 	8608 	8605 	8607 	8605 	8603 	8602 	8601 	8600 	8601 	8601 	8598 	8597 	8596 	8596 	8594 	8596 	8598 	8594 	8599 	8598 	8593 	8593 	8596 	8599 	8598 	8599 	8598 	8602 	8603 	8604 	8602 	8600 	8605 	8603 	8605 	8605 	8608 	8609 	8610 	8608 	8614 	8613 	8616 	8617 	8618 	8625 	8624 	8624 	8630 	8631 	8634 	8634 	8634 	8642 	8641 	8638 	8641 	8636 	8634 	8637 	8633 	8634 	8636 	8634 	8635 	8639 	8635 	8636 	
8618 	8614 	8614 	8615 	8611 	8613 	8612 	8613 	8611 	8608 	8607 	8610 	8606 	8609 	8608 	8603 	8602 	8600 	8597 	8599 	8600 	8597 	8599 	8595 	8595 	8594 	8593 	8593 	8591 	8595 	8596 	8598 	8595 	8598 	8599 	8599 	8602 	8599 	8599 	8598 	8601 	8603 	8604 	8603 	8607 	8601 	8607 	8603 	8607 	8606 	8610 	8608 	8613 	8614 	8620 	8618 	8616 	8624 	8623 	8627 	8629 	8631 	8629 	8632 	8635 	8640 	8637 	8641 	8639 	8637 	8637 	8634 	8634 	8632 	8636 	8637 	8638 	8637 	8637 	8636 	
8618 	8615 	8616 	8615 	8611 	8615 	8614 	8610 	8613 	8611 	8610 	8606 	8604 	8604 	8605 	8602 	8601 	8601 	8599 	8601 	8598 	8597 	8598 	8597 	8594 	8595 	8597 	8595 	8594 	8592 	8593 	8596 	8595 	8595 	8597 	8600 	8595 	8599 	8599 	8603 	8603 	8602 	8603 	8606 	8608 	8605 	8603 	8606 	8605 	8606 	8607 	8609 	8615 	8619 	8620 	8623 	8622 	8626 	8628 	8628 	8627 	8632 	8632 	8631 	8635 	8637 	8636 	8637 	8636 	8637 	8638 	8637 	8634 	8636 	8638 	8640 	8641 	8639 	8638 	8640 	
8620 	8614 	8616 	8613 	8616 	8614 	8612 	8613 	8612 	8610 	8607 	8606 	8604 	8601 	8602 	8599 	8601 	8600 	8598 	8598 	8596 	8599 	8597 	8596 	8593 	8594 	8593 	8593 	8589 	8592 	8593 	8595 	8592 	8594 	8595 	8596 	8596 	8595 	8598 	8600 	8601 	8602 	8601 	8605 	8602 	8605 	8603 	8603 	8604 	8604 	8608 	8610 	8611 	8615 	8617 	8622 	8620 	8623 	8626 	8627 	8628 	8634 	8633 	8637 	8639 	8635 	8637 	8635 	8639 	8640 	8638 	8639 	8641 	8634 	8639 	8643 	8643 	8641 	8638 	8639 	
8617 	8612 	8618 	8614 	8612 	8618 	8613 	8611 	8613 	8608 	8606 	8603 	8604 	8603 	8600 	8600 	8600 	8603 	8598 	8600 	8596 	8598 	8595 	8595 	8594 	8597 	8591 	8594 	8593 	8594 	8594 	8592 	8593 	8592 	8594 	8594 	8594 	8596 	8600 	8602 	8603 	8603 	8603 	8602 	8603 	8601 	8604 	8603 	8603 	8608 	8609 	8609 	8613 	8616 	8614 	8620 	8621 	8625 	8626 	8627 	8625 	8632 	8634 	8638 	8635 	8638 	8639 	8636 	8636 	8637 	8640 	8637 	8640 	8641 	8642 	8642 	8642 	8645 	8640 	8643 	
8620 	8616 	8614 	8614 	8613 	8617 	8609 	8610 	8608 	8611 	8609 	8606 	8601 	8601 	8601 	8598 	8600 	8599 	8597 	8601 	8595 	8600 	8598 	8595 	8596 	8595 	8593 	8594 	8595 	8593 	8595 	8596 	8598 	8598 	8594 	8595 	8597 	8597 	8597 	8604 	8599 	8603 	8602 	8606 	8605 	8605 	8605 	8604 	8605 	8606 	8609 	8609 	8614 	8616 	8612 	8617 	8620 	8621 	8623 	8624 	8625 	8632 	8632 	8638 	8635 	8635 	8637 	8636 	8639 	8641 	8643 	8640 	8642 	8641 	8646 	8644 	8650 	8646 	8646 	8644 	
8626 	8616 	8616 	8618 	8619 	8619 	8617 	8613 	8613 	8610 	8608 	8606 	8605 	8602 	8603 	8600 	8602 	8600 	8600 	8599 	8596 	8597 	8595 	8595 	8598 	8597 	8592 	8597 	8596 	8594 	8596 	8598 	8595 	8600 	8596 	8595 	8600 	8599 	8606 	8604 	8600 	8600 	8601 	8602 	8604 	8609 	8608 	8604 	8610 	8610 	8611 	8609 	8615 	8612 	8615 	8619 	8619 	8623 	8624 	8623 	8625 	8633 	8630 	8634 	8635 	8636 	8641 	8642 	8642 	8648 	8639 	8643 	8643 	8644 	8643 	8645 	8648 	8652 	8645 	8640 	
8625 	8617 	8620 	8623 	8618 	8619 	8617 	8609 	8616 	8611 	8610 	8607 	8603 	8604 	8604 	8601 	8603 	8599 	8598 	8602 	8594 	8597 	8597 	8596 	8595 	8596 	8594 	8592 	8594 	8594 	8597 	8601 	8597 	8597 	8599 	8596 	8595 	8601 	8600 	8601 	8600 	8601 	8599 	8606 	8606 	8608 	8608 	8609 	8612 	8613 	8612 	8610 	8614 	8615 	8614 	8616 	8619 	8623 	8622 	8624 	8626 	8628 	8629 	8633 	8634 	8638 	8640 	8640 	8637 	8643 	8640 	8640 	8644 	8645 	8647 	8645 	8650 	8652 	8649 	8643 	
8629 	8624 	8625 	8621 	8622 	8625 	8620 	8610 	8619 	8612 	8608 	8608 	8606 	8601 	8601 	8600 	8602 	8600 	8600 	8601 	8600 	8597 	8599 	8597 	8596 	8594 	8596 	8596 	8596 	8595 	8598 	8597 	8596 	8598 	8598 	8600 	8599 	8602 	8602 	8603 	8606 	8608 	8604 	8608 	8608 	8607 	8606 	8608 	8610 	8616 	8613 	8612 	8614 	8615 	8615 	8615 	8619 	8622 	8622 	8625 	8628 	8629 	8628 	8631 	8630 	8634 	8637 	8638 	8637 	8639 	8637 	8640 	8642 	8643 	8645 	8645 	8647 	8653 	8649 	8647 	
8633 	8627 	8627 	8625 	8624 	8627 	8618 	8620 	8619 	8616 	8613 	8610 	8605 	8606 	8604 	8603 	8600 	8603 	8599 	8602 	8597 	8599 	8601 	8598 	8596 	8596 	8597 	8598 	8594 	8596 	8599 	8599 	8600 	8603 	8599 	8601 	8603 	8603 	8603 	8608 	8607 	8608 	8607 	8610 	8611 	8609 	8612 	8609 	8612 	8613 	8614 	8615 	8617 	8617 	8619 	8620 	8623 	8624 	8622 	8627 	8628 	8628 	8634 	8631 	8630 	8635 	8640 	8636 	8638 	8639 	8640 	8638 	8643 	8645 	8645 	8644 	8649 	8651 	8648 	8646 	
8638 	8627 	8630 	8627 	8627 	8627 	8622 	8622 	8622 	8621 	8615 	8613 	8611 	8607 	8609 	8602 	8602 	8601 	8601 	8600 	8600 	8601 	8599 	8595 	8598 	8600 	8596 	8597 	8596 	8598 	8602 	8602 	8604 	8602 	8601 	8602 	8605 	8606 	8609 	8609 	8609 	8613 	8612 	8612 	8615 	8613 	8615 	8614 	8617 	8619 	8619 	8616 	8619 	8619 	8621 	8623 	8626 	8620 	8623 	8624 	8628 	8631 	8632 	8634 	8634 	8637 	8638 	8642 	8638 	8639 	8639 	8639 	8640 	8644 	8643 	8646 	8646 	8650 	8649 	8647 	
8640 	8635 	8633 	8631 	8634 	8631 	8629 	8628 	8626 	8623 	8619 	8619 	8613 	8615 	8612 	8608 	8601 	8603 	8604 	8601 	8600 	8602 	8599 	8597 	8601 	8599 	8602 	8599 	8603 	8601 	8605 	8600 	8604 	8604 	8605 	8606 	8602 	8607 	8608 	8610 	8615 	8613 	8612 	8616 	8617 	8616 	8615 	8620 	8616 	8621 	8621 	8614 	8620 	8621 	8620 	8620 	8626 	8624 	8631 	8627 	8627 	8632 	8632 	8634 	8635 	8637 	8638 	8641 	8644 	8643 	8644 	8641 	8643 	8642 	8648 	8644 	8645 	8647 	8646 	8642 	
8643 	8636 	8639 	8638 	8635 	8633 	8636 	8630 	8630 	8621 	8624 	8620 	8618 	8617 	8615 	8613 	8609 	8607 	8607 	8609 	8603 	8603 	8605 	8600 	8601 	8601 	8600 	8602 	8601 	8599 	8601 	8602 	8604 	8608 	8606 	8611 	8608 	8610 	8611 	8615 	8617 	8615 	8616 	8616 	8619 	8621 	8621 	8621 	8623 	8624 	8622 	8620 	8626 	8624 	8624 	8623 	8628 	8632 	8633 	8632 	8630 	8636 	8636 	8636 	8638 	8643 	8641 	8643 	8646 	8644 	8646 	8643 	8647 	8646 	8648 	8645 	8644 	8649 	8648 	8643 	
8647 	8644 	8641 	8638 	8638 	8639 	8635 	8633 	8634 	8631 	8624 	8627 	8624 	8619 	8620 	8613 	8611 	8612 	8610 	8608 	8606 	8603 	8607 	8604 	8605 	8605 	8599 	8605 	8601 	8601 	8604 	8605 	8605 	8609 	8610 	8615 	8611 	8614 	8614 	8612 	8618 	8622 	8621 	8617 	8620 	8619 	8623 	8624 	8624 	8621 	8622 	8622 	8623 	8623 	8629 	8629 	8628 	8631 	8636 	8631 	8635 	8637 	8640 	8640 	8642 	8647 	8645 	8646 	8648 	8645 	8639 	8647 	8648 	8649 	8652 	8644 	8642 	8645 	8645 	8647 	
8653 	8641 	8647 	8643 	8642 	8640 	8637 	8633 	8634 	8632 	8630 	8630 	8626 	8626 	8624 	8618 	8616 	8616 	8614 	8616 	8608 	8613 	8609 	8607 	8609 	8607 	8604 	8604 	8603 	8606 	8610 	8607 	8610 	8611 	8614 	8618 	8617 	8617 	8617 	8621 	8624 	8621 	8625 	8624 	8622 	8625 	8621 	8623 	8623 	8627 	8626 	8625 	8629 	8625 	8629 	8631 	8631 	8634 	8637 	8637 	8639 	8641 	8642 	8643 	8641 	8647 	8650 	8649 	8646 	8645 	8645 	8645 	8651 	8648 	8657 	8659 	8654 	8661 	8655 	8648 	
8655 	8650 	8646 	8643 	8645 	8643 	8643 	8635 	8637 	8635 	8632 	8630 	8628 	8628 	8626 	8624 	8617 	8621 	8617 	8619 	8615 	8613 	8613 	8611 	8611 	8612 	8607 	8606 	8609 	8611 	8612 	8612 	8612 	8615 	8615 	8623 	8620 	8619 	8620 	8621 	8618 	8625 	8623 	8623 	8625 	8622 	8623 	8629 	8626 	8629 	8631 	8627 	8627 	8630 	8633 	8631 	8630 	8635 	8634 	8636 	8639 	8641 	8645 	8644 	8644 	8647 	8650 	8648 	8647 	8649 	8647 	8645 	8650 	8650 	8656 	8653 	8651 	8655 	8668 	8665 	
8662 	8649 	8650 	8645 	8646 	8648 	8647 	8643 	8640 	8634 	8637 	8633 	8630 	8629 	8629 	8624 	8625 	8625 	8622 	8624 	8616 	8618 	8618 	8617 	8619 	8616 	8612 	8613 	8615 	8615 	8612 	8614 	8620 	8616 	8616 	8618 	8620 	8621 	8622 	8625 	8627 	8630 	8627 	8624 	8627 	8627 	8623 	8629 	8629 	8631 	8632 	8627 	8629 	8627 	8629 	8630 	8629 	8635 	8634 	8640 	8638 	8641 	8641 	8645 	8647 	8651 	8654 	8651 	8651 	8650 	8650 	8653 	8650 	8653 	8655 	8655 	8660 	8667 	8669 	8664 	
8667 	8656 	8660 	8657 	8651 	8650 	8648 	8644 	8641 	8638 	8639 	8639 	8638 	8634 	8634 	8631 	8628 	8628 	8627 	8629 	8625 	8621 	8623 	8622 	8621 	8621 	8621 	8621 	8618 	8622 	8622 	8624 	8622 	8625 	8623 	8622 	8625 	8623 	8627 	8628 	8629 	8630 	8627 	8627 	8629 	8625 	8627 	8628 	8629 	8630 	8629 	8628 	8629 	8627 	8625 	8629 	8636 	8634 	8638 	8638 	8641 	8641 	8647 	8651 	8650 	8654 	8656 	8656 	8654 	8656 	8654 	8653 	8652 	8654 	8658 	8656 	8660 	8660 	8670 	8671 	
8674 	8663 	8661 	8653 	8655 	8651 	8650 	8643 	8647 	8641 	8643 	8637 	8640 	8636 	8636 	8637 	8630 	8631 	8625 	8632 	8627 	8626 	8627 	8627 	8625 	8624 	8622 	8623 	8622 	8624 	8625 	8625 	8629 	8627 	8628 	8630 	8627 	8627 	8629 	8630 	8632 	8629 	8632 	8633 	8630 	8633 	8628 	8632 	8628 	8629 	8631 	8629 	8628 	8628 	8628 	8631 	8632 	8636 	8639 	8639 	8640 	8645 	8646 	8651 	8653 	8655 	8656 	8660 	8656 	8657 	8656 	8654 	8655 	8654 	8656 	8656 	8659 	8668 	8677 	8674 	
8683 	8671 	8663 	8662 	8659 	8660 	8655 	8650 	8646 	8645 	8642 	8646 	8644 	8639 	8638 	8638 	8636 	8634 	8635 	8639 	8630 	8631 	8632 	8632 	8632 	8627 	8628 	8628 	8627 	8631 	8628 	8630 	8632 	8632 	8632 	8635 	8637 	8635 	8633 	8632 	8635 	8635 	8634 	8631 	8631 	8631 	8633 	8632 	8631 	8631 	8630 	8628 	8629 	8626 	8627 	8632 	8633 	8639 	8635 	8643 	8646 	8646 	8650 	8651 	8655 	8654 	8659 	8657 	8661 	8658 	8657 	8656 	8658 	8656 	8660 	8659 	8659 	8665 	8671 	8671 	
8691 	8676 	8672 	8666 	8663 	8662 	8656 	8656 	8652 	8650 	8646 	8648 	8645 	8646 	8645 	8640 	8637 	8637 	8637 	8637 	8636 	8634 	8634 	8632 	8631 	8633 	8629 	8630 	8631 	8632 	8632 	8634 	8636 	8634 	8633 	8636 	8639 	8636 	8640 	8639 	8636 	8635 	8633 	8637 	8633 	8637 	8636 	8637 	8631 	8633 	8632 	8630 	8630 	8626 	8633 	8636 	8637 	8639 	8644 	8644 	8644 	8651 	8652 	8656 	8655 	8661 	8660 	8661 	8657 	8659 	8657 	8656 	8657 	8654 	8661 	8657 	8659 	8659 	8667 	8666 	
8700 	8676 	8671 	8666 	8665 	8659 	8657 	8652 	8654 	8652 	8649 	8651 	8648 	8647 	8643 	8643 	8643 	8637 	8631 	8635 	8636 	8634 	8635 	8635 	8634 	8632 	8632 	8633 	8628 	8631 	8631 	8631 	8630 	8634 	8633 	8636 	8634 	8638 	8637 	8640 	8636 	8634 	8637 	8638 	8636 	8634 	8633 	8637 	8632 	8635 	8635 	8628 	8632 	8633 	8636 	8640 	8645 	8652 	8660 	8654 	8651 	8651 	8654 	8655 	8655 	8658 	8661 	8659 	8658 	8658 	8659 	8659 	8658 	8654 	8656 	8653 	8653 	8663 	8663 	8669 	


