Aux Temperature:	25.85 
Fpa Temperature:	30.85 
8189 	8191 	8192 	8189 	8190 	8188 	8190 	8187 	8187 	8187 	8184 	8187 	8185 	8184 	8178 	8176 	8179 	8176 	8178 	8173 	8173 	8175 	8177 	8171 	8173 	8178 	8170 	8170 	8174 	8174 	8175 	8169 	8170 	8169 	8166 	8171 	8168 	8166 	8169 	8167 	8164 	8166 	8166 	8166 	8162 	8166 	8165 	8164 	8163 	8165 	8163 	8159 	8160 	8160 	8159 	8163 	8159 	8158 	8157 	8159 	8157 	8153 	8155 	8149 	8151 	8149 	8145 	8148 	8147 	8144 	8145 	8142 	8137 	8140 	8144 	8144 	8141 	8141 	8136 	8141 	
8188 	8190 	8194 	8195 	8192 	8193 	8190 	8187 	8187 	8187 	8191 	8184 	8182 	8184 	8181 	8178 	8178 	8179 	8179 	8176 	8173 	8178 	8173 	8176 	8174 	8175 	8176 	8177 	8172 	8177 	8176 	8171 	8171 	8170 	8168 	8170 	8166 	8165 	8169 	8170 	8164 	8165 	8163 	8166 	8165 	8167 	8169 	8166 	8166 	8164 	8167 	8162 	8158 	8160 	8158 	8160 	8157 	8159 	8155 	8158 	8157 	8154 	8155 	8150 	8149 	8148 	8147 	8149 	8146 	8143 	8142 	8143 	8141 	8143 	8147 	8142 	8142 	8144 	8140 	8141 	
8188 	8191 	8193 	8193 	8196 	8193 	8186 	8191 	8184 	8186 	8189 	8189 	8186 	8186 	8184 	8179 	8185 	8181 	8178 	8177 	8173 	8175 	8175 	8175 	8176 	8176 	8177 	8178 	8175 	8175 	8175 	8170 	8174 	8171 	8172 	8168 	8170 	8166 	8171 	8168 	8168 	8166 	8161 	8163 	8168 	8164 	8167 	8165 	8166 	8169 	8167 	8162 	8158 	8159 	8161 	8159 	8160 	8160 	8157 	8159 	8155 	8155 	8155 	8150 	8151 	8149 	8149 	8147 	8143 	8144 	8146 	8143 	8139 	8141 	8142 	8147 	8141 	8142 	8142 	8139 	
8188 	8189 	8190 	8194 	8197 	8195 	8193 	8187 	8191 	8192 	8190 	8192 	8187 	8187 	8184 	8185 	8185 	8182 	8181 	8180 	8178 	8176 	8178 	8182 	8177 	8182 	8179 	8178 	8173 	8178 	8176 	8173 	8175 	8176 	8171 	8174 	8173 	8169 	8168 	8170 	8165 	8167 	8166 	8163 	8172 	8168 	8164 	8167 	8167 	8168 	8167 	8163 	8161 	8161 	8160 	8161 	8161 	8163 	8155 	8163 	8159 	8157 	8153 	8154 	8153 	8149 	8147 	8148 	8149 	8147 	8145 	8142 	8142 	8140 	8144 	8143 	8141 	8143 	8144 	8142 	
8186 	8188 	8192 	8195 	8196 	8195 	8196 	8193 	8192 	8195 	8191 	8190 	8191 	8189 	8187 	8184 	8186 	8189 	8185 	8187 	8186 	8182 	8180 	8185 	8185 	8179 	8180 	8181 	8180 	8180 	8176 	8173 	8176 	8176 	8174 	8172 	8172 	8168 	8172 	8170 	8166 	8166 	8167 	8165 	8167 	8167 	8170 	8168 	8171 	8169 	8170 	8167 	8162 	8161 	8163 	8161 	8164 	8159 	8161 	8160 	8160 	8156 	8154 	8154 	8154 	8153 	8153 	8151 	8151 	8148 	8145 	8143 	8138 	8142 	8144 	8142 	8143 	8139 	8140 	8139 	
8185 	8189 	8190 	8197 	8201 	8197 	8196 	8195 	8198 	8198 	8195 	8193 	8194 	8194 	8191 	8192 	8185 	8186 	8185 	8186 	8182 	8184 	8187 	8185 	8181 	8185 	8182 	8184 	8183 	8181 	8180 	8177 	8177 	8176 	8177 	8173 	8177 	8173 	8176 	8172 	8169 	8170 	8171 	8166 	8167 	8170 	8171 	8175 	8171 	8171 	8170 	8163 	8165 	8161 	8165 	8167 	8165 	8166 	8164 	8163 	8162 	8158 	8160 	8154 	8158 	8152 	8152 	8152 	8150 	8150 	8142 	8145 	8143 	8141 	8142 	8143 	8143 	8144 	8138 	8136 	
8186 	8188 	8191 	8197 	8204 	8200 	8202 	8203 	8201 	8198 	8199 	8198 	8195 	8196 	8192 	8192 	8190 	8189 	8190 	8190 	8183 	8187 	8186 	8184 	8186 	8185 	8182 	8186 	8185 	8185 	8182 	8182 	8181 	8178 	8179 	8176 	8180 	8175 	8176 	8173 	8169 	8172 	8171 	8167 	8171 	8171 	8167 	8170 	8172 	8170 	8169 	8165 	8165 	8163 	8167 	8168 	8167 	8166 	8164 	8160 	8160 	8162 	8161 	8156 	8159 	8158 	8156 	8155 	8149 	8150 	8147 	8147 	8143 	8143 	8149 	8144 	8144 	8143 	8138 	8138 	
8191 	8193 	8194 	8200 	8201 	8202 	8205 	8203 	8204 	8202 	8205 	8200 	8198 	8198 	8194 	8195 	8193 	8193 	8190 	8193 	8190 	8188 	8189 	8191 	8189 	8187 	8186 	8187 	8185 	8188 	8187 	8186 	8183 	8181 	8181 	8179 	8179 	8178 	8180 	8178 	8170 	8175 	8168 	8167 	8172 	8171 	8171 	8171 	8171 	8170 	8168 	8168 	8166 	8167 	8169 	8171 	8169 	8166 	8169 	8166 	8162 	8165 	8161 	8159 	8158 	8159 	8158 	8160 	8156 	8153 	8147 	8147 	8145 	8145 	8149 	8148 	8143 	8144 	8140 	8135 	
8194 	8189 	8195 	8205 	8206 	8211 	8207 	8210 	8207 	8208 	8209 	8205 	8204 	8198 	8203 	8198 	8196 	8197 	8195 	8195 	8190 	8192 	8191 	8193 	8190 	8192 	8191 	8192 	8189 	8189 	8190 	8186 	8191 	8184 	8187 	8180 	8182 	8179 	8183 	8177 	8174 	8177 	8171 	8170 	8172 	8171 	8172 	8174 	8169 	8170 	8172 	8171 	8170 	8166 	8167 	8169 	8171 	8173 	8171 	8172 	8164 	8168 	8162 	8161 	8163 	8163 	8159 	8160 	8155 	8151 	8150 	8149 	8143 	8145 	8149 	8145 	8145 	8143 	8141 	8141 	
8198 	8191 	8194 	8208 	8213 	8211 	8214 	8213 	8211 	8210 	8213 	8213 	8205 	8209 	8203 	8205 	8199 	8202 	8198 	8197 	8198 	8194 	8198 	8196 	8195 	8192 	8196 	8194 	8190 	8194 	8192 	8191 	8186 	8189 	8190 	8185 	8185 	8182 	8185 	8181 	8178 	8178 	8174 	8174 	8176 	8173 	8173 	8173 	8170 	8174 	8175 	8172 	8169 	8171 	8171 	8173 	8174 	8168 	8174 	8174 	8171 	8168 	8163 	8163 	8167 	8163 	8162 	8160 	8158 	8155 	8155 	8151 	8148 	8147 	8150 	8145 	8146 	8146 	8141 	8143 	
8198 	8196 	8199 	8208 	8216 	8220 	8221 	8215 	8212 	8216 	8220 	8217 	8211 	8209 	8208 	8207 	8203 	8203 	8204 	8204 	8198 	8199 	8199 	8197 	8197 	8199 	8195 	8197 	8196 	8196 	8197 	8192 	8188 	8191 	8188 	8185 	8186 	8184 	8185 	8184 	8180 	8178 	8180 	8175 	8178 	8175 	8174 	8175 	8173 	8172 	8173 	8174 	8172 	8169 	8171 	8171 	8173 	8174 	8172 	8172 	8173 	8171 	8169 	8164 	8167 	8166 	8164 	8162 	8159 	8158 	8154 	8153 	8150 	8147 	8152 	8148 	8147 	8148 	8142 	8140 	
8201 	8203 	8204 	8215 	8221 	8225 	8226 	8222 	8223 	8219 	8220 	8221 	8221 	8216 	8208 	8212 	8207 	8206 	8206 	8203 	8201 	8204 	8202 	8199 	8201 	8199 	8201 	8199 	8200 	8203 	8199 	8196 	8193 	8191 	8192 	8188 	8190 	8186 	8187 	8187 	8182 	8183 	8176 	8175 	8178 	8179 	8177 	8176 	8176 	8173 	8178 	8173 	8174 	8171 	8171 	8173 	8174 	8174 	8174 	8174 	8168 	8169 	8165 	8165 	8170 	8166 	8165 	8164 	8162 	8158 	8160 	8157 	8152 	8151 	8156 	8151 	8151 	8147 	8141 	8142 	
8204 	8207 	8210 	8212 	8226 	8230 	8232 	8230 	8227 	8229 	8229 	8224 	8228 	8222 	8218 	8218 	8212 	8215 	8210 	8214 	8206 	8206 	8210 	8204 	8205 	8205 	8206 	8203 	8204 	8207 	8201 	8193 	8197 	8193 	8192 	8192 	8189 	8189 	8192 	8186 	8189 	8187 	8181 	8177 	8182 	8179 	8178 	8175 	8179 	8174 	8177 	8175 	8177 	8174 	8175 	8172 	8173 	8175 	8176 	8170 	8171 	8172 	8170 	8168 	8166 	8165 	8165 	8164 	8162 	8159 	8158 	8158 	8154 	8153 	8153 	8154 	8147 	8148 	8146 	8147 	
8209 	8210 	8212 	8221 	8235 	8238 	8240 	8239 	8238 	8237 	8236 	8235 	8233 	8230 	8229 	8226 	8224 	8220 	8215 	8217 	8216 	8212 	8210 	8213 	8210 	8210 	8211 	8210 	8207 	8205 	8204 	8200 	8200 	8201 	8196 	8195 	8194 	8192 	8188 	8190 	8187 	8187 	8183 	8183 	8185 	8186 	8182 	8179 	8181 	8177 	8181 	8175 	8178 	8179 	8178 	8177 	8173 	8178 	8180 	8173 	8173 	8169 	8169 	8168 	8169 	8165 	8166 	8166 	8164 	8162 	8158 	8160 	8155 	8154 	8158 	8152 	8153 	8151 	8148 	8149 	
8211 	8213 	8220 	8226 	8241 	8245 	8246 	8245 	8244 	8245 	8242 	8241 	8242 	8237 	8235 	8233 	8231 	8230 	8227 	8225 	8218 	8221 	8214 	8218 	8217 	8215 	8216 	8213 	8212 	8213 	8210 	8206 	8203 	8204 	8204 	8196 	8198 	8196 	8193 	8193 	8188 	8189 	8189 	8184 	8186 	8184 	8185 	8183 	8181 	8181 	8182 	8187 	8180 	8180 	8182 	8182 	8181 	8180 	8182 	8176 	8173 	8169 	8170 	8169 	8169 	8167 	8169 	8165 	8165 	8166 	8161 	8161 	8156 	8153 	8162 	8159 	8154 	8155 	8148 	8143 	
8214 	8218 	8225 	8231 	8246 	8247 	8257 	8253 	8253 	8254 	8255 	8250 	8253 	8246 	8244 	8243 	8241 	8240 	8238 	8233 	8232 	8225 	8225 	8226 	8221 	8224 	8224 	8220 	8220 	8219 	8214 	8211 	8208 	8207 	8207 	8202 	8202 	8201 	8199 	8198 	8196 	8195 	8193 	8190 	8189 	8186 	8188 	8188 	8189 	8185 	8188 	8186 	8185 	8183 	8183 	8183 	8184 	8182 	8181 	8179 	8175 	8175 	8169 	8170 	8170 	8168 	8167 	8164 	8167 	8163 	8160 	8162 	8156 	8157 	8162 	8160 	8160 	8158 	8153 	8147 	
8216 	8225 	8227 	8244 	8255 	8254 	8259 	8262 	8261 	8263 	8265 	8258 	8260 	8260 	8257 	8260 	8253 	8253 	8250 	8244 	8242 	8237 	8239 	8236 	8232 	8235 	8234 	8228 	8226 	8222 	8222 	8217 	8217 	8214 	8215 	8207 	8210 	8206 	8203 	8202 	8200 	8195 	8197 	8193 	8193 	8190 	8193 	8191 	8192 	8190 	8188 	8186 	8188 	8190 	8190 	8188 	8187 	8187 	8182 	8180 	8179 	8177 	8175 	8171 	8173 	8168 	8166 	8164 	8165 	8168 	8164 	8162 	8159 	8157 	8162 	8158 	8159 	8158 	8152 	8150 	
8224 	8229 	8241 	8253 	8264 	8263 	8262 	8266 	8266 	8273 	8273 	8271 	8273 	8273 	8264 	8269 	8269 	8264 	8264 	8261 	8257 	8253 	8248 	8248 	8246 	8246 	8242 	8240 	8237 	8231 	8230 	8226 	8225 	8221 	8220 	8214 	8210 	8209 	8210 	8207 	8204 	8204 	8202 	8196 	8195 	8196 	8196 	8197 	8198 	8194 	8190 	8191 	8189 	8189 	8192 	8191 	8188 	8189 	8188 	8188 	8183 	8181 	8180 	8177 	8175 	8174 	8170 	8170 	8167 	8168 	8166 	8164 	8160 	8160 	8160 	8163 	8161 	8163 	8154 	8150 	
8229 	8234 	8249 	8260 	8264 	8269 	8272 	8277 	8274 	8278 	8278 	8280 	8283 	8283 	8282 	8282 	8281 	8281 	8278 	8276 	8270 	8268 	8269 	8266 	8261 	8258 	8254 	8251 	8249 	8242 	8239 	8234 	8232 	8229 	8226 	8222 	8217 	8218 	8218 	8214 	8208 	8207 	8203 	8202 	8203 	8200 	8198 	8199 	8198 	8197 	8196 	8194 	8194 	8194 	8195 	8193 	8188 	8189 	8187 	8188 	8185 	8184 	8181 	8182 	8175 	8175 	8177 	8175 	8171 	8172 	8167 	8170 	8159 	8162 	8163 	8162 	8161 	8162 	8154 	8156 	
8241 	8249 	8261 	8263 	8272 	8270 	8276 	8278 	8278 	8286 	8285 	8288 	8293 	8289 	8290 	8293 	8295 	8296 	8293 	8290 	8289 	8283 	8284 	8283 	8276 	8274 	8270 	8265 	8261 	8258 	8251 	8248 	8243 	8240 	8234 	8230 	8230 	8227 	8224 	8220 	8213 	8214 	8211 	8206 	8204 	8202 	8202 	8203 	8203 	8202 	8201 	8200 	8197 	8197 	8197 	8198 	8196 	8197 	8191 	8192 	8190 	8186 	8183 	8183 	8181 	8180 	8180 	8181 	8177 	8174 	8172 	8171 	8165 	8162 	8163 	8161 	8164 	8168 	8161 	8160 	
8256 	8257 	8264 	8269 	8273 	8274 	8283 	8284 	8281 	8288 	8291 	8295 	8296 	8298 	8304 	8307 	8306 	8310 	8310 	8311 	8308 	8305 	8303 	8301 	8299 	8293 	8289 	8280 	8278 	8275 	8269 	8262 	8258 	8250 	8247 	8241 	8239 	8236 	8232 	8228 	8222 	8222 	8217 	8213 	8213 	8213 	8211 	8207 	8208 	8206 	8206 	8206 	8202 	8198 	8202 	8202 	8200 	8201 	8194 	8194 	8194 	8191 	8189 	8184 	8185 	8182 	8182 	8182 	8178 	8174 	8176 	8174 	8165 	8165 	8164 	8165 	8166 	8166 	8163 	8164 	
8261 	8266 	8269 	8274 	8273 	8277 	8284 	8287 	8285 	8295 	8296 	8300 	8303 	8307 	8315 	8318 	8319 	8327 	8332 	8335 	8335 	8336 	8333 	8333 	8326 	8321 	8315 	8308 	8298 	8295 	8287 	8283 	8274 	8267 	8263 	8256 	8251 	8244 	8246 	8237 	8231 	8227 	8227 	8222 	8217 	8215 	8212 	8213 	8212 	8212 	8213 	8209 	8208 	8206 	8202 	8204 	8203 	8202 	8196 	8198 	8193 	8195 	8189 	8191 	8187 	8186 	8187 	8183 	8180 	8181 	8175 	8174 	8169 	8171 	8167 	8167 	8167 	8169 	8164 	8165 	
8260 	8269 	8278 	8280 	8282 	8287 	8290 	8290 	8291 	8301 	8309 	8316 	8335 	8350 	8359 	8364 	8361 	8361 	8356 	8364 	8367 	8368 	8369 	8369 	8364 	8357 	8347 	8342 	8329 	8320 	8312 	8302 	8291 	8286 	8279 	8269 	8265 	8257 	8256 	8249 	8244 	8237 	8233 	8230 	8229 	8221 	8221 	8218 	8218 	8221 	8216 	8214 	8213 	8210 	8212 	8209 	8205 	8204 	8201 	8201 	8197 	8195 	8192 	8192 	8189 	8187 	8189 	8188 	8185 	8185 	8180 	8180 	8176 	8173 	8169 	8171 	8169 	8170 	8165 	8168 	
8242 	8280 	8296 	8305 	8322 	8328 	8343 	8337 	8335 	8336 	8350 	8370 	8378 	8377 	8380 	8378 	8382 	8381 	8387 	8386 	8389 	8386 	8385 	8385 	8384 	8376 	8374 	8367 	8358 	8352 	8337 	8323 	8316 	8306 	8302 	8291 	8281 	8273 	8267 	8261 	8253 	8245 	8246 	8238 	8237 	8232 	8229 	8226 	8223 	8220 	8220 	8220 	8218 	8218 	8214 	8209 	8212 	8208 	8207 	8206 	8201 	8201 	8201 	8195 	8191 	8191 	8186 	8194 	8186 	8186 	8186 	8184 	8178 	8177 	8176 	8172 	8173 	8176 	8172 	8166 	
8296 	8341 	8371 	8376 	8380 	8378 	8378 	8375 	8372 	8374 	8373 	8376 	8374 	8374 	8376 	8378 	8377 	8381 	8382 	8386 	8387 	8390 	8392 	8394 	8390 	8386 	8383 	8383 	8380 	8374 	8369 	8357 	8341 	8330 	8318 	8308 	8298 	8290 	8281 	8272 	8268 	8259 	8253 	8246 	8243 	8239 	8240 	8237 	8233 	8234 	8229 	8228 	8226 	8223 	8223 	8220 	8218 	8217 	8212 	8210 	8206 	8204 	8204 	8196 	8199 	8200 	8193 	8193 	8191 	8190 	8190 	8189 	8182 	8179 	8181 	8177 	8176 	8177 	8173 	8170 	
8368 	8374 	8384 	8384 	8387 	8387 	8387 	8381 	8376 	8377 	8380 	8377 	8374 	8369 	8369 	8370 	8374 	8376 	8381 	8382 	8391 	8392 	8393 	8398 	8397 	8396 	8393 	8389 	8389 	8387 	8382 	8382 	8373 	8360 	8345 	8329 	8314 	8307 	8300 	8287 	8275 	8270 	8267 	8257 	8250 	8249 	8245 	8247 	8241 	8240 	8237 	8236 	8234 	8233 	8229 	8229 	8223 	8224 	8218 	8216 	8212 	8212 	8209 	8202 	8202 	8199 	8199 	8201 	8192 	8191 	8191 	8197 	8190 	8185 	8186 	8180 	8179 	8183 	8173 	8178 	
8374 	8378 	8382 	8385 	8385 	8381 	8380 	8376 	8375 	8376 	8378 	8376 	8376 	8368 	8370 	8368 	8367 	8365 	8370 	8376 	8381 	8388 	8390 	8392 	8395 	8394 	8392 	8393 	8390 	8391 	8389 	8389 	8387 	8386 	8375 	8352 	8337 	8326 	8313 	8302 	8294 	8287 	8276 	8269 	8265 	8262 	8260 	8255 	8252 	8250 	8248 	8245 	8245 	8244 	8240 	8234 	8233 	8229 	8226 	8220 	8218 	8216 	8213 	8207 	8207 	8206 	8203 	8203 	8200 	8198 	8196 	8197 	8194 	8190 	8187 	8187 	8182 	8185 	8179 	8180 	
8373 	8373 	8379 	8382 	8384 	8386 	8384 	8377 	8375 	8375 	8373 	8374 	8374 	8367 	8370 	8369 	8363 	8361 	8364 	8364 	8370 	8378 	8381 	8384 	8387 	8391 	8394 	8394 	8392 	8389 	8390 	8391 	8388 	8386 	8386 	8378 	8369 	8356 	8336 	8320 	8307 	8301 	8293 	8281 	8279 	8272 	8273 	8266 	8262 	8262 	8260 	8258 	8257 	8254 	8250 	8246 	8244 	8237 	8235 	8231 	8226 	8225 	8219 	8212 	8217 	8213 	8210 	8208 	8205 	8200 	8198 	8201 	8200 	8195 	8198 	8193 	8193 	8191 	8185 	8186 	
8374 	8381 	8377 	8383 	8385 	8382 	8381 	8380 	8373 	8373 	8374 	8375 	8374 	8370 	8370 	8366 	8365 	8363 	8362 	8361 	8366 	8370 	8370 	8375 	8381 	8384 	8385 	8391 	8385 	8385 	8387 	8391 	8391 	8390 	8386 	8386 	8381 	8376 	8365 	8344 	8323 	8311 	8301 	8291 	8292 	8284 	8282 	8278 	8270 	8270 	8271 	8268 	8268 	8259 	8260 	8255 	8252 	8248 	8245 	8240 	8239 	8237 	8229 	8225 	8224 	8223 	8219 	8215 	8214 	8212 	8210 	8205 	8207 	8204 	8202 	8199 	8197 	8198 	8191 	8188 	
8376 	8379 	8380 	8381 	8381 	8379 	8377 	8374 	8372 	8374 	8371 	8372 	8373 	8368 	8368 	8364 	8365 	8361 	8361 	8359 	8361 	8363 	8364 	8368 	8369 	8373 	8373 	8379 	8381 	8382 	8383 	8382 	8383 	8392 	8385 	8387 	8386 	8378 	8378 	8370 	8357 	8336 	8314 	8305 	8295 	8294 	8290 	8284 	8283 	8280 	8277 	8275 	8277 	8273 	8270 	8264 	8262 	8255 	8255 	8252 	8249 	8246 	8239 	8235 	8232 	8230 	8228 	8226 	8221 	8217 	8214 	8218 	8216 	8211 	8210 	8204 	8204 	8201 	8195 	8192 	
8378 	8379 	8377 	8377 	8379 	8374 	8371 	8369 	8367 	8369 	8372 	8372 	8374 	8368 	8364 	8363 	8360 	8360 	8360 	8361 	8361 	8363 	8363 	8358 	8364 	8368 	8366 	8370 	8373 	8378 	8380 	8376 	8374 	8381 	8382 	8389 	8387 	8382 	8382 	8375 	8370 	8360 	8344 	8328 	8308 	8300 	8297 	8291 	8291 	8288 	8285 	8283 	8281 	8279 	8282 	8278 	8272 	8268 	8268 	8264 	8262 	8258 	8251 	8246 	8244 	8238 	8238 	8234 	8231 	8232 	8228 	8226 	8224 	8223 	8224 	8217 	8214 	8206 	8205 	8202 	
8380 	8377 	8377 	8375 	8375 	8367 	8363 	8363 	8364 	8365 	8374 	8373 	8370 	8367 	8366 	8360 	8361 	8357 	8360 	8360 	8363 	8362 	8360 	8360 	8365 	8368 	8366 	8366 	8366 	8371 	8371 	8371 	8370 	8368 	8367 	8379 	8383 	8384 	8383 	8378 	8374 	8370 	8356 	8348 	8333 	8310 	8307 	8301 	8297 	8292 	8293 	8291 	8291 	8291 	8287 	8285 	8278 	8277 	8275 	8274 	8269 	8262 	8261 	8257 	8254 	8248 	8246 	8245 	8243 	8242 	8240 	8241 	8235 	8236 	8232 	8225 	8226 	8223 	8215 	8219 	
8380 	8379 	8377 	8370 	8371 	8363 	8363 	8361 	8362 	8362 	8367 	8370 	8369 	8367 	8362 	8360 	8360 	8359 	8357 	8359 	8359 	8359 	8360 	8359 	8360 	8362 	8361 	8361 	8358 	8363 	8362 	8366 	8365 	8365 	8362 	8362 	8371 	8376 	8375 	8380 	8372 	8374 	8366 	8357 	8351 	8336 	8323 	8311 	8305 	8303 	8302 	8301 	8296 	8295 	8293 	8295 	8293 	8289 	8287 	8283 	8277 	8273 	8268 	8263 	8260 	8259 	8254 	8254 	8248 	8247 	8250 	8253 	8246 	8243 	8240 	8235 	8235 	8230 	8229 	8227 	
8372 	8374 	8373 	8371 	8370 	8365 	8359 	8357 	8354 	8356 	8362 	8365 	8366 	8364 	8361 	8358 	8354 	8354 	8357 	8353 	8355 	8360 	8361 	8358 	8358 	8356 	8357 	8354 	8355 	8356 	8356 	8360 	8358 	8361 	8358 	8357 	8358 	8366 	8372 	8371 	8369 	8374 	8371 	8366 	8359 	8350 	8346 	8340 	8328 	8324 	8323 	8318 	8313 	8313 	8308 	8307 	8302 	8296 	8293 	8289 	8285 	8279 	8275 	8270 	8269 	8264 	8261 	8262 	8256 	8261 	8261 	8257 	8255 	8255 	8245 	8250 	8244 	8242 	8238 	8240 	
8363 	8363 	8363 	8365 	8363 	8360 	8359 	8353 	8354 	8353 	8355 	8356 	8357 	8361 	8359 	8355 	8354 	8355 	8353 	8354 	8355 	8358 	8358 	8357 	8357 	8356 	8353 	8353 	8353 	8351 	8350 	8353 	8355 	8358 	8358 	8354 	8352 	8355 	8361 	8361 	8365 	8365 	8362 	8363 	8360 	8353 	8354 	8351 	8348 	8345 	8347 	8348 	8350 	8344 	8335 	8329 	8320 	8309 	8303 	8297 	8294 	8287 	8281 	8275 	8272 	8272 	8269 	8263 	8264 	8264 	8264 	8265 	8263 	8258 	8258 	8254 	8254 	8257 	8249 	8244 	
8358 	8357 	8358 	8358 	8362 	8361 	8358 	8354 	8350 	8352 	8352 	8353 	8357 	8357 	8356 	8355 	8353 	8352 	8353 	8353 	8356 	8357 	8355 	8358 	8356 	8357 	8351 	8350 	8348 	8349 	8349 	8351 	8352 	8356 	8358 	8354 	8350 	8353 	8355 	8355 	8352 	8358 	8359 	8355 	8355 	8355 	8354 	8353 	8355 	8351 	8362 	8361 	8366 	8357 	8354 	8351 	8347 	8342 	8333 	8322 	8310 	8301 	8292 	8287 	8286 	8277 	8278 	8276 	8276 	8275 	8274 	8274 	8271 	8270 	8271 	8267 	8265 	8266 	8264 	8258 	
8355 	8357 	8355 	8355 	8354 	8357 	8355 	8352 	8351 	8351 	8348 	8353 	8352 	8355 	8357 	8351 	8352 	8350 	8350 	8349 	8354 	8354 	8354 	8357 	8359 	8353 	8347 	8347 	8345 	8346 	8344 	8347 	8352 	8353 	8356 	8357 	8355 	8349 	8349 	8352 	8348 	8350 	8353 	8356 	8353 	8351 	8358 	8355 	8358 	8361 	8362 	8359 	8362 	8359 	8358 	8353 	8346 	8338 	8340 	8342 	8334 	8326 	8320 	8310 	8309 	8302 	8296 	8293 	8289 	8295 	8284 	8284 	8281 	8277 	8276 	8275 	8271 	8273 	8270 	8261 	
8353 	8354 	8353 	8353 	8355 	8349 	8352 	8348 	8353 	8350 	8348 	8347 	8351 	8353 	8353 	8349 	8351 	8348 	8349 	8350 	8352 	8353 	8357 	8352 	8353 	8351 	8348 	8343 	8343 	8343 	8342 	8346 	8347 	8353 	8355 	8358 	8355 	8350 	8349 	8351 	8349 	8349 	8350 	8350 	8351 	8352 	8356 	8356 	8358 	8364 	8364 	8365 	8362 	8356 	8354 	8349 	8340 	8334 	8334 	8337 	8334 	8336 	8328 	8326 	8325 	8319 	8311 	8309 	8302 	8305 	8309 	8307 	8299 	8295 	8288 	8280 	8279 	8275 	8272 	8274 	
8351 	8351 	8351 	8353 	8352 	8348 	8350 	8350 	8349 	8349 	8344 	8347 	8348 	8352 	8353 	8348 	8348 	8347 	8349 	8348 	8344 	8349 	8351 	8353 	8351 	8348 	8346 	8344 	8342 	8343 	8342 	8345 	8346 	8346 	8353 	8352 	8355 	8351 	8346 	8350 	8348 	8349 	8345 	8347 	8350 	8348 	8354 	8353 	8358 	8356 	8363 	8357 	8357 	8354 	8350 	8343 	8340 	8335 	8333 	8333 	8333 	8328 	8325 	8323 	8320 	8326 	8322 	8315 	8317 	8312 	8312 	8316 	8314 	8310 	8298 	8289 	8288 	8286 	8283 	8282 	
8353 	8352 	8352 	8351 	8353 	8345 	8351 	8347 	8347 	8345 	8344 	8348 	8348 	8344 	8349 	8348 	8348 	8347 	8348 	8348 	8346 	8347 	8349 	8351 	8349 	8348 	8345 	8344 	8341 	8339 	8340 	8343 	8345 	8348 	8352 	8351 	8345 	8340 	8342 	8347 	8346 	8347 	8346 	8341 	8349 	8346 	8350 	8351 	8355 	8358 	8357 	8355 	8349 	8348 	8347 	8342 	8335 	8337 	8335 	8330 	8327 	8329 	8316 	8309 	8315 	8325 	8321 	8316 	8314 	8316 	8317 	8315 	8317 	8315 	8306 	8299 	8293 	8286 	8285 	8285 	
8355 	8352 	8350 	8344 	8346 	8345 	8347 	8349 	8347 	8346 	8347 	8345 	8348 	8344 	8348 	8348 	8352 	8349 	8346 	8346 	8344 	8348 	8345 	8349 	8348 	8346 	8345 	8346 	8345 	8340 	8340 	8346 	8340 	8345 	8345 	8338 	8328 	8321 	8335 	8342 	8349 	8343 	8342 	8344 	8346 	8349 	8350 	8350 	8351 	8355 	8353 	8351 	8347 	8342 	8342 	8342 	8338 	8333 	8329 	8333 	8327 	8329 	8324 	8315 	8306 	8318 	8321 	8320 	8314 	8316 	8307 	8301 	8309 	8317 	8314 	8307 	8304 	8295 	8288 	8286 	
8352 	8351 	8345 	8342 	8344 	8342 	8343 	8347 	8343 	8345 	8346 	8345 	8347 	8346 	8350 	8349 	8345 	8346 	8348 	8345 	8343 	8344 	8346 	8346 	8346 	8345 	8343 	8344 	8340 	8341 	8340 	8339 	8338 	8344 	8341 	8330 	8324 	8317 	8336 	8343 	8343 	8343 	8343 	8342 	8342 	8343 	8348 	8350 	8350 	8351 	8348 	8348 	8340 	8333 	8333 	8335 	8331 	8326 	8322 	8323 	8322 	8324 	8323 	8312 	8310 	8324 	8322 	8315 	8318 	8312 	8298 	8302 	8310 	8322 	8309 	8297 	8300 	8296 	8289 	8289 	
8348 	8343 	8343 	8347 	8347 	8346 	8345 	8344 	8342 	8341 	8343 	8346 	8348 	8345 	8350 	8347 	8349 	8349 	8348 	8342 	8342 	8341 	8342 	8342 	8345 	8346 	8341 	8343 	8341 	8341 	8337 	8337 	8334 	8333 	8338 	8328 	8318 	8330 	8341 	8342 	8339 	8335 	8334 	8336 	8333 	8341 	8348 	8348 	8348 	8345 	8343 	8341 	8334 	8334 	8332 	8331 	8324 	8316 	8312 	8313 	8311 	8313 	8312 	8309 	8313 	8316 	8310 	8309 	8320 	8313 	8300 	8308 	8314 	8312 	8309 	8299 	8297 	8300 	8288 	8287 	
8340 	8344 	8346 	8343 	8344 	8344 	8341 	8342 	8340 	8344 	8346 	8347 	8351 	8348 	8350 	8348 	8348 	8348 	8346 	8345 	8342 	8343 	8343 	8346 	8342 	8343 	8341 	8342 	8341 	8342 	8338 	8336 	8335 	8332 	8335 	8327 	8325 	8316 	8333 	8323 	8320 	8315 	8319 	8336 	8340 	8346 	8348 	8342 	8345 	8345 	8342 	8336 	8332 	8326 	8326 	8324 	8318 	8321 	8313 	8310 	8312 	8308 	8305 	8312 	8311 	8308 	8303 	8293 	8312 	8310 	8296 	8311 	8313 	8313 	8301 	8302 	8295 	8298 	8289 	8286 	
8340 	8355 	8347 	8341 	8341 	8338 	8345 	8344 	8343 	8345 	8347 	8350 	8351 	8349 	8353 	8352 	8349 	8349 	8350 	8347 	8346 	8348 	8346 	8346 	8345 	8344 	8340 	8342 	8341 	8338 	8336 	8333 	8338 	8332 	8331 	8326 	8325 	8318 	8315 	8308 	8300 	8306 	8332 	8339 	8343 	8346 	8346 	8343 	8344 	8340 	8334 	8329 	8328 	8324 	8319 	8322 	8320 	8314 	8316 	8310 	8309 	8311 	8309 	8309 	8316 	8304 	8304 	8304 	8311 	8296 	8301 	8302 	8315 	8311 	8303 	8291 	8291 	8296 	8285 	8287 	
8350 	8348 	8344 	8340 	8340 	8336 	8346 	8349 	8345 	8347 	8351 	8350 	8353 	8350 	8355 	8355 	8351 	8349 	8350 	8348 	8344 	8347 	8349 	8345 	8344 	8343 	8343 	8338 	8337 	8341 	8336 	8331 	8333 	8334 	8326 	8326 	8310 	8312 	8314 	8318 	8331 	8334 	8336 	8339 	8343 	8344 	8344 	8339 	8340 	8335 	8332 	8329 	8323 	8323 	8321 	8321 	8318 	8314 	8312 	8311 	8306 	8315 	8315 	8313 	8318 	8316 	8306 	8300 	8305 	8296 	8299 	8311 	8307 	8305 	8305 	8286 	8290 	8288 	8284 	8285 	
8345 	8345 	8346 	8348 	8347 	8351 	8350 	8350 	8350 	8352 	8349 	8354 	8354 	8351 	8354 	8349 	8354 	8353 	8351 	8348 	8349 	8346 	8345 	8346 	8349 	8343 	8340 	8337 	8339 	8339 	8333 	8329 	8324 	8327 	8324 	8323 	8318 	8321 	8330 	8335 	8336 	8335 	8338 	8340 	8340 	8341 	8339 	8340 	8338 	8327 	8332 	8326 	8323 	8324 	8324 	8324 	8317 	8312 	8311 	8310 	8303 	8314 	8314 	8316 	8315 	8321 	8308 	8304 	8298 	8294 	8303 	8313 	8307 	8307 	8302 	8281 	8288 	8269 	8277 	8277 	
8348 	8348 	8350 	8348 	8355 	8351 	8352 	8348 	8347 	8350 	8353 	8352 	8356 	8354 	8353 	8351 	8354 	8351 	8351 	8352 	8349 	8348 	8346 	8348 	8349 	8344 	8337 	8335 	8338 	8335 	8325 	8325 	8319 	8321 	8321 	8320 	8320 	8321 	8327 	8332 	8335 	8338 	8337 	8340 	8339 	8336 	8333 	8327 	8325 	8330 	8327 	8319 	8321 	8318 	8316 	8319 	8317 	8311 	8316 	8305 	8293 	8301 	8310 	8311 	8309 	8312 	8310 	8305 	8285 	8283 	8296 	8310 	8308 	8310 	8297 	8281 	8285 	8259 	8265 	8270 	
8353 	8350 	8348 	8348 	8353 	8353 	8355 	8352 	8345 	8351 	8354 	8354 	8355 	8352 	8353 	8353 	8354 	8353 	8353 	8354 	8350 	8349 	8349 	8347 	8345 	8338 	8339 	8338 	8334 	8326 	8327 	8329 	8330 	8328 	8323 	8323 	8319 	8318 	8322 	8331 	8331 	8336 	8337 	8340 	8339 	8338 	8336 	8325 	8322 	8326 	8327 	8325 	8322 	8321 	8321 	8323 	8317 	8309 	8317 	8317 	8307 	8305 	8312 	8310 	8306 	8300 	8309 	8313 	8305 	8305 	8311 	8299 	8306 	8308 	8291 	8286 	8272 	8263 	8260 	8261 	
8345 	8347 	8349 	8355 	8350 	8348 	8350 	8348 	8351 	8352 	8349 	8350 	8351 	8355 	8355 	8353 	8356 	8353 	8352 	8351 	8352 	8354 	8349 	8341 	8337 	8341 	8338 	8334 	8326 	8327 	8313 	8328 	8328 	8330 	8330 	8325 	8321 	8324 	8325 	8316 	8317 	8340 	8346 	8337 	8338 	8336 	8333 	8325 	8326 	8323 	8327 	8330 	8323 	8320 	8325 	8325 	8323 	8317 	8313 	8324 	8324 	8317 	8318 	8313 	8316 	8311 	8311 	8318 	8317 	8313 	8323 	8302 	8309 	8305 	8289 	8280 	8266 	8263 	8257 	8258 	
8342 	8351 	8346 	8350 	8351 	8349 	8354 	8350 	8348 	8349 	8353 	8347 	8354 	8350 	8353 	8350 	8353 	8351 	8354 	8353 	8354 	8353 	8346 	8333 	8340 	8332 	8344 	8340 	8334 	8325 	8330 	8330 	8324 	8325 	8323 	8333 	8323 	8330 	8333 	8318 	8320 	8339 	8344 	8340 	8340 	8334 	8327 	8318 	8327 	8319 	8320 	8323 	8327 	8324 	8326 	8327 	8322 	8315 	8323 	8329 	8324 	8318 	8317 	8316 	8314 	8318 	8314 	8316 	8320 	8324 	8319 	8315 	8317 	8306 	8281 	8270 	8274 	8253 	8255 	8266 	
8346 	8343 	8347 	8346 	8350 	8349 	8354 	8344 	8348 	8348 	8346 	8346 	8347 	8350 	8349 	8350 	8353 	8352 	8352 	8351 	8351 	8343 	8341 	8341 	8335 	8343 	8344 	8341 	8338 	8331 	8331 	8337 	8338 	8333 	8324 	8321 	8321 	8327 	8332 	8330 	8320 	8335 	8336 	8337 	8333 	8322 	8316 	8317 	8323 	8323 	8322 	8322 	8320 	8325 	8326 	8323 	8325 	8318 	8319 	8332 	8324 	8321 	8299 	8294 	8298 	8305 	8306 	8315 	8318 	8331 	8325 	8325 	8315 	8308 	8278 	8271 	8274 	8250 	8255 	8262 	
8340 	8344 	8345 	8345 	8354 	8345 	8347 	8344 	8344 	8342 	8339 	8343 	8350 	8346 	8350 	8351 	8350 	8349 	8350 	8348 	8342 	8338 	8343 	8347 	8346 	8346 	8345 	8344 	8340 	8342 	8334 	8341 	8341 	8341 	8329 	8321 	8318 	8331 	8327 	8336 	8327 	8322 	8327 	8331 	8333 	8321 	8317 	8318 	8324 	8325 	8320 	8324 	8323 	8323 	8328 	8332 	8331 	8327 	8318 	8324 	8315 	8304 	8290 	8292 	8298 	8297 	8306 	8306 	8307 	8318 	8316 	8310 	8303 	8297 	8285 	8277 	8272 	8254 	8256 	8266 	
8347 	8355 	8352 	8352 	8350 	8348 	8349 	8340 	8341 	8342 	8343 	8345 	8347 	8347 	8353 	8351 	8352 	8351 	8351 	8345 	8335 	8341 	8335 	8346 	8350 	8348 	8348 	8343 	8342 	8348 	8335 	8334 	8338 	8341 	8332 	8326 	8323 	8324 	8324 	8321 	8324 	8330 	8327 	8331 	8337 	8332 	8332 	8324 	8327 	8336 	8333 	8328 	8331 	8331 	8328 	8332 	8328 	8320 	8316 	8311 	8307 	8316 	8302 	8274 	8266 	8273 	8292 	8306 	8295 	8295 	8300 	8290 	8296 	8299 	8281 	8278 	8265 	8252 	8266 	8273 	
8349 	8349 	8347 	8348 	8350 	8345 	8344 	8341 	8340 	8339 	8343 	8351 	8350 	8347 	8348 	8349 	8350 	8347 	8348 	8344 	8334 	8340 	8342 	8342 	8339 	8341 	8347 	8346 	8340 	8342 	8333 	8322 	8336 	8338 	8323 	8333 	8342 	8347 	8336 	8334 	8325 	8319 	8322 	8328 	8332 	8335 	8333 	8336 	8331 	8337 	8334 	8331 	8331 	8331 	8329 	8324 	8319 	8302 	8308 	8312 	8301 	8292 	8289 	8287 	8267 	8257 	8276 	8291 	8295 	8282 	8283 	8276 	8287 	8284 	8280 	8276 	8261 	8266 	8278 	8274 	
8350 	8350 	8348 	8350 	8346 	8345 	8346 	8342 	8339 	8340 	8344 	8347 	8349 	8348 	8352 	8350 	8347 	8345 	8348 	8342 	8342 	8343 	8339 	8338 	8337 	8341 	8349 	8348 	8346 	8328 	8321 	8339 	8327 	8329 	8326 	8334 	8341 	8340 	8338 	8333 	8326 	8311 	8320 	8343 	8333 	8330 	8325 	8323 	8323 	8323 	8319 	8322 	8326 	8329 	8324 	8325 	8308 	8286 	8295 	8292 	8296 	8311 	8316 	8320 	8314 	8293 	8286 	8288 	8293 	8287 	8277 	8278 	8281 	8288 	8285 	8272 	8266 	8283 	8286 	8279 	
8350 	8353 	8353 	8347 	8347 	8342 	8347 	8345 	8339 	8341 	8342 	8348 	8350 	8348 	8356 	8353 	8351 	8345 	8344 	8348 	8341 	8345 	8342 	8339 	8345 	8343 	8348 	8345 	8342 	8332 	8315 	8329 	8328 	8328 	8322 	8326 	8334 	8331 	8339 	8334 	8323 	8331 	8346 	8345 	8348 	8347 	8334 	8328 	8328 	8315 	8316 	8318 	8330 	8321 	8306 	8302 	8286 	8286 	8300 	8308 	8321 	8315 	8306 	8317 	8323 	8316 	8313 	8298 	8299 	8308 	8293 	8285 	8290 	8292 	8287 	8274 	8284 	8291 	8288 	8283 	
8354 	8352 	8342 	8350 	8344 	8341 	8340 	8340 	8341 	8345 	8345 	8343 	8351 	8347 	8352 	8352 	8352 	8349 	8348 	8347 	8341 	8345 	8344 	8346 	8341 	8343 	8340 	8339 	8341 	8333 	8311 	8320 	8326 	8334 	8327 	8330 	8336 	8340 	8344 	8342 	8338 	8339 	8344 	8339 	8339 	8338 	8335 	8332 	8331 	8316 	8308 	8312 	8313 	8311 	8306 	8286 	8282 	8294 	8300 	8311 	8325 	8322 	8308 	8298 	8315 	8317 	8311 	8309 	8311 	8312 	8304 	8299 	8301 	8305 	8292 	8287 	8288 	8291 	8285 	8283 	
8353 	8353 	8346 	8341 	8344 	8334 	8340 	8332 	8341 	8343 	8347 	8353 	8353 	8352 	8354 	8350 	8353 	8348 	8349 	8348 	8343 	8349 	8349 	8342 	8339 	8340 	8332 	8335 	8335 	8328 	8326 	8329 	8335 	8334 	8331 	8336 	8341 	8341 	8344 	8342 	8334 	8331 	8322 	8318 	8315 	8314 	8323 	8320 	8317 	8304 	8291 	8294 	8299 	8297 	8293 	8284 	8287 	8297 	8309 	8323 	8328 	8332 	8325 	8315 	8313 	8312 	8309 	8316 	8320 	8312 	8304 	8307 	8306 	8301 	8302 	8291 	8291 	8298 	8285 	8289 	
8357 	8358 	8349 	8348 	8345 	8339 	8341 	8335 	8341 	8344 	8346 	8349 	8353 	8352 	8353 	8351 	8351 	8348 	8347 	8343 	8340 	8350 	8339 	8335 	8331 	8329 	8332 	8330 	8331 	8319 	8328 	8337 	8338 	8335 	8326 	8329 	8335 	8326 	8327 	8323 	8322 	8316 	8311 	8308 	8309 	8315 	8311 	8303 	8291 	8286 	8284 	8292 	8296 	8298 	8299 	8293 	8293 	8301 	8311 	8315 	8315 	8319 	8321 	8321 	8311 	8309 	8309 	8318 	8324 	8310 	8310 	8313 	8305 	8312 	8300 	8293 	8298 	8299 	8291 	8292 	


