8367 	8371 	8373 	8369 	8370 	8373 	8379 	8385 	8384 	8383 	8378 	8377 	8375 	8379 	8375 	8368 	8366 	8367 	8367 	8363 	8362 	8359 	8356 	8348 	8341 	8337 	8336 	8333 	8336 	8336 	8335 	8338 	8337 	8341 	8337 	8334 	8335 	8337 	8330 	8331 	8333 	8330 	8328 	8326 	8322 	8323 	8321 	8318 	8317 	8313 	8309 	8308 	8304 	8299 	8301 	8296 	8303 	8299 	8298 	8298 	8294 	8293 	8291 	8290 	8284 	8286 	8283 	8286 	8284 	8290 	8287 	8284 	8281 	8274 	8270 	8272 	8260 	8267 	8267 	8269 	
8363 	8370 	8370 	8366 	8369 	8374 	8382 	8385 	8386 	8383 	8381 	8377 	8378 	8377 	8375 	8372 	8367 	8366 	8365 	8364 	8361 	8358 	8355 	8346 	8335 	8334 	8333 	8333 	8336 	8336 	8339 	8341 	8335 	8342 	8339 	8339 	8333 	8337 	8332 	8330 	8330 	8329 	8331 	8326 	8328 	8321 	8319 	8319 	8315 	8314 	8312 	8309 	8310 	8304 	8301 	8298 	8301 	8304 	8297 	8299 	8296 	8291 	8292 	8290 	8286 	8288 	8283 	8287 	8286 	8289 	8285 	8286 	8277 	8277 	8273 	8267 	8265 	8267 	8265 	8268 	
8366 	8367 	8369 	8367 	8372 	8379 	8384 	8389 	8388 	8386 	8382 	8379 	8377 	8375 	8372 	8370 	8365 	8368 	8364 	8365 	8362 	8359 	8355 	8339 	8336 	8335 	8332 	8334 	8337 	8338 	8340 	8338 	8337 	8341 	8341 	8341 	8336 	8336 	8334 	8332 	8329 	8331 	8330 	8327 	8323 	8324 	8323 	8317 	8315 	8316 	8310 	8310 	8307 	8306 	8302 	8299 	8304 	8301 	8301 	8294 	8295 	8288 	8292 	8288 	8286 	8289 	8284 	8288 	8287 	8289 	8289 	8285 	8281 	8272 	8274 	8269 	8264 	8263 	8265 	8266 	
8362 	8365 	8370 	8368 	8374 	8380 	8385 	8389 	8387 	8385 	8382 	8382 	8377 	8373 	8373 	8372 	8364 	8366 	8368 	8362 	8362 	8351 	8342 	8335 	8330 	8333 	8330 	8335 	8334 	8340 	8335 	8342 	8342 	8340 	8342 	8341 	8337 	8339 	8334 	8332 	8333 	8328 	8328 	8327 	8328 	8322 	8322 	8316 	8320 	8315 	8312 	8309 	8306 	8305 	8303 	8299 	8302 	8299 	8302 	8299 	8295 	8286 	8289 	8287 	8282 	8283 	8282 	8284 	8285 	8289 	8286 	8283 	8281 	8275 	8275 	8270 	8264 	8266 	8269 	8270 	
8361 	8367 	8367 	8368 	8371 	8384 	8390 	8387 	8389 	8385 	8383 	8383 	8374 	8374 	8375 	8369 	8365 	8366 	8366 	8362 	8352 	8340 	8338 	8331 	8334 	8334 	8333 	8336 	8338 	8339 	8336 	8341 	8342 	8343 	8342 	8341 	8340 	8338 	8336 	8333 	8333 	8332 	8330 	8328 	8328 	8321 	8323 	8318 	8316 	8313 	8310 	8311 	8306 	8306 	8304 	8302 	8303 	8300 	8299 	8297 	8294 	8292 	8290 	8287 	8281 	8282 	8285 	8285 	8281 	8285 	8287 	8283 	8281 	8275 	8275 	8270 	8265 	8267 	8265 	8268 	
8359 	8365 	8365 	8367 	8375 	8384 	8393 	8389 	8387 	8388 	8384 	8380 	8382 	8376 	8372 	8368 	8366 	8367 	8362 	8359 	8343 	8336 	8334 	8330 	8333 	8329 	8330 	8333 	8336 	8341 	8344 	8340 	8341 	8343 	8342 	8343 	8343 	8339 	8337 	8336 	8334 	8332 	8333 	8329 	8327 	8318 	8323 	8321 	8318 	8312 	8315 	8309 	8306 	8304 	8303 	8300 	8300 	8300 	8297 	8297 	8293 	8289 	8290 	8288 	8285 	8286 	8281 	8283 	8282 	8282 	8290 	8286 	8279 	8273 	8270 	8270 	8264 	8263 	8265 	8268 	
8363 	8367 	8371 	8368 	8376 	8384 	8394 	8397 	8396 	8394 	8388 	8385 	8377 	8375 	8372 	8366 	8365 	8365 	8355 	8343 	8339 	8334 	8335 	8328 	8333 	8332 	8329 	8335 	8341 	8342 	8341 	8343 	8345 	8344 	8344 	8342 	8341 	8339 	8337 	8335 	8336 	8334 	8332 	8329 	8329 	8321 	8324 	8319 	8315 	8317 	8315 	8309 	8304 	8302 	8304 	8302 	8300 	8297 	8295 	8293 	8295 	8289 	8290 	8284 	8282 	8284 	8279 	8283 	8281 	8287 	8283 	8282 	8277 	8274 	8271 	8268 	8267 	8265 	8266 	8265 	
8368 	8372 	8367 	8367 	8379 	8384 	8402 	8410 	8402 	8398 	8395 	8386 	8381 	8378 	8373 	8370 	8363 	8353 	8345 	8336 	8334 	8336 	8334 	8332 	8332 	8330 	8330 	8335 	8344 	8346 	8344 	8344 	8344 	8345 	8345 	8345 	8342 	8338 	8338 	8338 	8336 	8333 	8336 	8330 	8325 	8323 	8322 	8318 	8322 	8318 	8314 	8311 	8305 	8301 	8305 	8300 	8302 	8297 	8295 	8292 	8289 	8284 	8286 	8286 	8280 	8282 	8281 	8284 	8281 	8285 	8285 	8280 	8278 	8273 	8271 	8270 	8268 	8265 	8266 	8266 	
8382 	8382 	8378 	8382 	8410 	8439 	8453 	8454 	8443 	8425 	8411 	8396 	8390 	8380 	8379 	8369 	8351 	8345 	8338 	8335 	8338 	8333 	8330 	8330 	8331 	8333 	8336 	8339 	8347 	8350 	8346 	8344 	8348 	8347 	8345 	8342 	8342 	8341 	8340 	8338 	8339 	8337 	8332 	8330 	8329 	8324 	8323 	8318 	8318 	8317 	8312 	8310 	8309 	8306 	8305 	8300 	8302 	8298 	8291 	8290 	8286 	8286 	8287 	8283 	8282 	8282 	8280 	8280 	8281 	8281 	8282 	8277 	8280 	8270 	8267 	8268 	8265 	8261 	8264 	8265 	
8391 	8395 	8407 	8437 	8467 	8479 	8492 	8495 	8495 	8489 	8464 	8447 	8417 	8396 	8374 	8355 	8341 	8342 	8335 	8335 	8335 	8332 	8331 	8328 	8331 	8333 	8334 	8341 	8348 	8347 	8349 	8349 	8347 	8349 	8348 	8346 	8345 	8342 	8344 	8340 	8340 	8338 	8336 	8332 	8328 	8326 	8328 	8323 	8319 	8314 	8313 	8310 	8303 	8306 	8303 	8301 	8298 	8299 	8293 	8292 	8287 	8283 	8288 	8283 	8280 	8281 	8279 	8281 	8279 	8278 	8282 	8280 	8276 	8273 	8266 	8270 	8265 	8261 	8267 	8262 	
8410 	8421 	8453 	8473 	8489 	8492 	8499 	8498 	8494 	8487 	8475 	8462 	8459 	8407 	8362 	8349 	8342 	8336 	8337 	8333 	8335 	8334 	8331 	8328 	8331 	8329 	8329 	8338 	8348 	8349 	8350 	8350 	8348 	8352 	8351 	8344 	8343 	8341 	8343 	8339 	8341 	8338 	8333 	8335 	8331 	8327 	8324 	8319 	8318 	8313 	8314 	8312 	8306 	8306 	8305 	8299 	8299 	8296 	8290 	8290 	8288 	8283 	8284 	8286 	8281 	8281 	8277 	8280 	8279 	8279 	8280 	8280 	8275 	8269 	8269 	8266 	8265 	8263 	8261 	8263 	
8420 	8453 	8477 	8488 	8492 	8495 	8493 	8489 	8481 	8476 	8471 	8468 	8462 	8440 	8371 	8352 	8345 	8340 	8338 	8338 	8337 	8331 	8330 	8328 	8330 	8333 	8330 	8340 	8350 	8353 	8353 	8350 	8356 	8355 	8354 	8354 	8349 	8349 	8342 	8340 	8342 	8341 	8341 	8334 	8333 	8328 	8328 	8321 	8322 	8318 	8318 	8311 	8306 	8305 	8306 	8298 	8296 	8294 	8292 	8291 	8288 	8283 	8282 	8283 	8277 	8283 	8280 	8277 	8278 	8279 	8280 	8275 	8273 	8269 	8267 	8267 	8260 	8263 	8260 	8264 	
8435 	8470 	8488 	8485 	8475 	8474 	8482 	8477 	8474 	8472 	8468 	8459 	8459 	8447 	8402 	8349 	8341 	8343 	8343 	8340 	8336 	8335 	8332 	8331 	8329 	8330 	8333 	8344 	8356 	8353 	8356 	8356 	8355 	8354 	8354 	8353 	8348 	8347 	8344 	8344 	8342 	8344 	8339 	8333 	8333 	8326 	8325 	8323 	8322 	8317 	8314 	8310 	8304 	8305 	8304 	8297 	8298 	8296 	8292 	8291 	8284 	8283 	8283 	8284 	8280 	8282 	8277 	8280 	8279 	8280 	8278 	8278 	8272 	8269 	8270 	8265 	8259 	8262 	8258 	8258 	
8447 	8475 	8480 	8478 	8477 	8479 	8478 	8476 	8471 	8466 	8462 	8456 	8452 	8446 	8428 	8356 	8343 	8342 	8341 	8341 	8337 	8335 	8336 	8333 	8330 	8334 	8336 	8349 	8358 	8356 	8356 	8356 	8357 	8358 	8358 	8358 	8356 	8349 	8347 	8345 	8345 	8344 	8339 	8333 	8334 	8329 	8331 	8322 	8324 	8318 	8317 	8311 	8306 	8303 	8302 	8293 	8298 	8292 	8292 	8289 	8284 	8282 	8283 	8281 	8279 	8281 	8277 	8278 	8278 	8277 	8277 	8274 	8273 	8269 	8264 	8265 	8260 	8259 	8258 	8258 	
8462 	8483 	8485 	8483 	8482 	8478 	8474 	8466 	8466 	8460 	8459 	8456 	8449 	8446 	8440 	8382 	8342 	8341 	8346 	8343 	8340 	8337 	8335 	8334 	8333 	8332 	8339 	8356 	8361 	8359 	8360 	8358 	8359 	8360 	8360 	8356 	8354 	8349 	8349 	8346 	8345 	8344 	8342 	8335 	8335 	8333 	8328 	8326 	8323 	8321 	8317 	8310 	8306 	8304 	8303 	8295 	8295 	8294 	8293 	8290 	8284 	8281 	8282 	8283 	8279 	8279 	8277 	8279 	8279 	8280 	8278 	8273 	8272 	8266 	8263 	8263 	8260 	8261 	8258 	8258 	
8480 	8485 	8487 	8479 	8478 	8472 	8466 	8462 	8457 	8450 	8444 	8445 	8443 	8441 	8442 	8409 	8346 	8338 	8340 	8342 	8340 	8338 	8338 	8336 	8337 	8341 	8350 	8367 	8365 	8363 	8365 	8364 	8362 	8363 	8362 	8361 	8357 	8355 	8351 	8346 	8346 	8346 	8344 	8336 	8337 	8330 	8332 	8328 	8325 	8322 	8318 	8313 	8306 	8302 	8297 	8290 	8294 	8291 	8289 	8287 	8281 	8283 	8280 	8279 	8277 	8277 	8274 	8274 	8274 	8277 	8278 	8272 	8268 	8264 	8264 	8262 	8258 	8259 	8260 	8260 	
8484 	8487 	8485 	8482 	8475 	8471 	8466 	8461 	8454 	8445 	8441 	8437 	8438 	8436 	8438 	8427 	8363 	8338 	8339 	8339 	8341 	8339 	8340 	8339 	8343 	8348 	8368 	8374 	8374 	8372 	8368 	8368 	8367 	8365 	8363 	8362 	8357 	8353 	8352 	8349 	8352 	8346 	8342 	8341 	8337 	8331 	8331 	8327 	8326 	8320 	8318 	8308 	8302 	8301 	8296 	8289 	8294 	8291 	8290 	8286 	8279 	8282 	8280 	8280 	8277 	8280 	8272 	8277 	8275 	8280 	8277 	8273 	8271 	8266 	8262 	8263 	8258 	8260 	8257 	8258 	
8486 	8487 	8482 	8481 	8474 	8468 	8464 	8457 	8454 	8447 	8441 	8435 	8431 	8434 	8434 	8431 	8377 	8341 	8341 	8338 	8340 	8337 	8341 	8341 	8345 	8362 	8378 	8383 	8381 	8373 	8375 	8372 	8372 	8370 	8370 	8368 	8363 	8362 	8355 	8354 	8351 	8352 	8347 	8340 	8342 	8334 	8335 	8327 	8327 	8325 	8319 	8313 	8305 	8298 	8295 	8291 	8291 	8292 	8287 	8291 	8282 	8279 	8280 	8279 	8275 	8277 	8275 	8278 	8274 	8277 	8279 	8273 	8272 	8265 	8263 	8265 	8259 	8258 	8261 	8259 	
8486 	8489 	8483 	8479 	8474 	8469 	8464 	8457 	8456 	8448 	8441 	8437 	8432 	8431 	8435 	8428 	8393 	8343 	8343 	8342 	8340 	8337 	8341 	8345 	8356 	8377 	8387 	8384 	8384 	8382 	8380 	8374 	8374 	8373 	8371 	8365 	8367 	8366 	8360 	8355 	8354 	8355 	8351 	8342 	8343 	8337 	8334 	8334 	8327 	8325 	8318 	8311 	8304 	8296 	8295 	8291 	8292 	8291 	8289 	8290 	8283 	8280 	8281 	8280 	8275 	8276 	8276 	8276 	8275 	8275 	8275 	8272 	8270 	8266 	8263 	8262 	8256 	8260 	8257 	8259 	
8487 	8485 	8485 	8477 	8476 	8469 	8467 	8460 	8455 	8453 	8448 	8439 	8435 	8432 	8433 	8429 	8400 	8340 	8342 	8346 	8346 	8345 	8347 	8355 	8374 	8390 	8390 	8385 	8385 	8381 	8381 	8380 	8377 	8373 	8374 	8376 	8369 	8367 	8361 	8362 	8358 	8355 	8352 	8349 	8345 	8339 	8338 	8331 	8331 	8327 	8321 	8313 	8305 	8298 	8295 	8293 	8292 	8294 	8290 	8286 	8281 	8281 	8283 	8279 	8276 	8274 	8275 	8278 	8276 	8276 	8277 	8274 	8269 	8263 	8263 	8263 	8261 	8261 	8259 	8260 	
8490 	8488 	8486 	8481 	8475 	8473 	8467 	8463 	8461 	8455 	8452 	8445 	8441 	8434 	8434 	8431 	8414 	8347 	8342 	8346 	8353 	8357 	8368 	8379 	8390 	8393 	8389 	8385 	8385 	8386 	8381 	8376 	8379 	8380 	8377 	8376 	8372 	8370 	8366 	8365 	8360 	8357 	8355 	8354 	8352 	8342 	8340 	8336 	8332 	8329 	8323 	8315 	8310 	8303 	8298 	8293 	8292 	8290 	8290 	8285 	8282 	8279 	8282 	8282 	8276 	8274 	8274 	8278 	8277 	8276 	8277 	8270 	8267 	8266 	8262 	8261 	8261 	8258 	8261 	8256 	
8495 	8494 	8488 	8481 	8479 	8473 	8471 	8468 	8463 	8456 	8454 	8447 	8446 	8439 	8438 	8430 	8423 	8366 	8335 	8347 	8365 	8390 	8402 	8401 	8401 	8400 	8393 	8388 	8385 	8384 	8385 	8381 	8382 	8384 	8380 	8376 	8372 	8370 	8368 	8367 	8362 	8361 	8357 	8357 	8354 	8344 	8342 	8340 	8339 	8334 	8328 	8323 	8314 	8309 	8304 	8296 	8293 	8292 	8289 	8288 	8286 	8284 	8285 	8281 	8279 	8277 	8273 	8277 	8274 	8278 	8274 	8274 	8267 	8263 	8262 	8264 	8261 	8259 	8258 	8259 	
8491 	8495 	8492 	8487 	8489 	8476 	8473 	8466 	8468 	8462 	8461 	8454 	8451 	8443 	8441 	8436 	8427 	8384 	8338 	8342 	8370 	8413 	8416 	8410 	8408 	8406 	8399 	8392 	8389 	8384 	8386 	8380 	8382 	8383 	8380 	8378 	8373 	8373 	8370 	8367 	8365 	8363 	8358 	8356 	8358 	8347 	8345 	8342 	8338 	8335 	8331 	8327 	8321 	8318 	8314 	8304 	8301 	8296 	8292 	8290 	8285 	8281 	8288 	8285 	8276 	8280 	8275 	8276 	8273 	8277 	8275 	8271 	8268 	8265 	8260 	8264 	8258 	8259 	8258 	8257 	
8494 	8495 	8492 	8492 	8486 	8481 	8473 	8469 	8468 	8466 	8461 	8457 	8455 	8447 	8445 	8439 	8432 	8413 	8345 	8337 	8357 	8413 	8428 	8424 	8420 	8415 	8410 	8403 	8395 	8391 	8391 	8386 	8386 	8384 	8381 	8377 	8375 	8371 	8369 	8367 	8366 	8365 	8360 	8359 	8357 	8351 	8348 	8343 	8344 	8340 	8335 	8330 	8326 	8321 	8319 	8309 	8307 	8297 	8294 	8290 	8290 	8287 	8289 	8287 	8282 	8278 	8279 	8279 	8275 	8276 	8277 	8271 	8264 	8266 	8259 	8261 	8259 	8260 	8259 	8258 	
8496 	8496 	8495 	8488 	8486 	8477 	8473 	8476 	8474 	8466 	8462 	8459 	8455 	8456 	8450 	8444 	8442 	8436 	8397 	8342 	8352 	8408 	8440 	8436 	8433 	8428 	8426 	8411 	8405 	8401 	8398 	8396 	8390 	8388 	8385 	8385 	8378 	8375 	8372 	8369 	8366 	8366 	8367 	8362 	8358 	8350 	8350 	8345 	8345 	8341 	8339 	8335 	8331 	8324 	8321 	8314 	8310 	8301 	8297 	8294 	8298 	8290 	8290 	8287 	8285 	8282 	8278 	8276 	8276 	8277 	8275 	8271 	8266 	8266 	8262 	8261 	8259 	8258 	8260 	8260 	
8493 	8494 	8492 	8486 	8484 	8480 	8480 	8473 	8473 	8471 	8465 	8463 	8463 	8458 	8456 	8451 	8446 	8445 	8433 	8369 	8347 	8398 	8447 	8445 	8442 	8444 	8434 	8425 	8419 	8412 	8408 	8405 	8400 	8400 	8392 	8385 	8384 	8382 	8377 	8372 	8370 	8368 	8366 	8361 	8359 	8354 	8354 	8349 	8350 	8344 	8344 	8339 	8335 	8328 	8325 	8316 	8315 	8309 	8301 	8299 	8298 	8296 	8295 	8290 	8287 	8285 	8281 	8279 	8278 	8277 	8276 	8272 	8266 	8264 	8262 	8261 	8260 	8260 	8261 	8259 	
8492 	8495 	8494 	8486 	8486 	8481 	8477 	8476 	8473 	8471 	8467 	8465 	8463 	8462 	8459 	8453 	8450 	8450 	8444 	8407 	8349 	8384 	8452 	8450 	8451 	8450 	8445 	8441 	8431 	8426 	8415 	8414 	8411 	8406 	8397 	8393 	8390 	8386 	8383 	8374 	8370 	8371 	8367 	8363 	8363 	8358 	8359 	8355 	8353 	8349 	8347 	8343 	8337 	8331 	8324 	8318 	8318 	8312 	8307 	8306 	8302 	8295 	8297 	8296 	8292 	8291 	8284 	8282 	8279 	8274 	8271 	8266 	8265 	8260 	8260 	8259 	8262 	8257 	8258 	8260 	
8488 	8492 	8492 	8486 	8484 	8479 	8476 	8473 	8474 	8471 	8467 	8465 	8467 	8463 	8459 	8459 	8451 	8453 	8451 	8435 	8373 	8387 	8467 	8459 	8459 	8453 	8450 	8449 	8441 	8439 	8433 	8431 	8421 	8420 	8411 	8403 	8397 	8390 	8386 	8381 	8377 	8374 	8369 	8367 	8366 	8361 	8360 	8356 	8355 	8348 	8348 	8346 	8342 	8337 	8332 	8320 	8321 	8316 	8315 	8312 	8307 	8300 	8299 	8297 	8289 	8294 	8290 	8287 	8284 	8275 	8268 	8266 	8263 	8262 	8263 	8262 	8259 	8259 	8262 	8260 	
8491 	8489 	8493 	8484 	8481 	8479 	8478 	8477 	8474 	8473 	8470 	8466 	8465 	8463 	8463 	8459 	8458 	8457 	8458 	8449 	8411 	8400 	8494 	8491 	8476 	8465 	8455 	8449 	8446 	8441 	8442 	8436 	8434 	8430 	8422 	8414 	8403 	8398 	8394 	8385 	8380 	8377 	8375 	8368 	8364 	8364 	8359 	8359 	8354 	8351 	8353 	8351 	8345 	8340 	8338 	8331 	8323 	8325 	8320 	8318 	8312 	8305 	8302 	8302 	8295 	8297 	8293 	8292 	8290 	8280 	8271 	8270 	8263 	8261 	8261 	8261 	8259 	8258 	8259 	8262 	
8491 	8490 	8491 	8481 	8483 	8477 	8478 	8473 	8473 	8470 	8470 	8465 	8464 	8464 	8463 	8459 	8459 	8458 	8461 	8455 	8446 	8440 	8503 	8510 	8505 	8497 	8480 	8462 	8455 	8447 	8446 	8445 	8450 	8455 	8448 	8438 	8422 	8408 	8400 	8388 	8383 	8381 	8374 	8370 	8370 	8363 	8362 	8360 	8358 	8353 	8356 	8353 	8350 	8345 	8340 	8336 	8334 	8330 	8324 	8321 	8311 	8308 	8306 	8302 	8295 	8292 	8290 	8290 	8287 	8279 	8278 	8269 	8266 	8264 	8261 	8260 	8259 	8257 	8261 	8259 	
8488 	8492 	8489 	8483 	8483 	8479 	8477 	8473 	8475 	8470 	8468 	8462 	8465 	8464 	8462 	8461 	8457 	8460 	8461 	8461 	8459 	8475 	8511 	8514 	8511 	8510 	8505 	8495 	8485 	8479 	8480 	8484 	8488 	8489 	8491 	8481 	8466 	8448 	8418 	8401 	8394 	8387 	8382 	8377 	8370 	8369 	8366 	8360 	8356 	8356 	8357 	8356 	8351 	8348 	8344 	8334 	8336 	8331 	8329 	8326 	8318 	8311 	8313 	8302 	8298 	8294 	8289 	8294 	8282 	8282 	8273 	8270 	8266 	8267 	8265 	8266 	8258 	8261 	8262 	8262 	
8492 	8492 	8489 	8483 	8480 	8476 	8477 	8475 	8473 	8471 	8466 	8463 	8464 	8461 	8460 	8459 	8461 	8457 	8461 	8462 	8463 	8479 	8510 	8517 	8517 	8516 	8505 	8497 	8497 	8495 	8499 	8500 	8499 	8498 	8498 	8501 	8493 	8481 	8463 	8432 	8411 	8401 	8389 	8384 	8375 	8367 	8366 	8359 	8355 	8356 	8358 	8360 	8354 	8348 	8346 	8337 	8336 	8331 	8330 	8325 	8318 	8311 	8312 	8304 	8299 	8297 	8295 	8291 	8288 	8283 	8275 	8273 	8268 	8267 	8265 	8264 	8262 	8263 	8261 	8262 	
8490 	8492 	8493 	8484 	8483 	8479 	8478 	8478 	8475 	8470 	8470 	8465 	8462 	8461 	8462 	8460 	8461 	8459 	8462 	8460 	8461 	8473 	8512 	8517 	8519 	8512 	8509 	8508 	8502 	8506 	8507 	8504 	8505 	8505 	8508 	8503 	8499 	8493 	8480 	8464 	8443 	8423 	8408 	8396 	8385 	8374 	8368 	8358 	8357 	8362 	8363 	8361 	8359 	8350 	8347 	8341 	8337 	8338 	8330 	8327 	8323 	8315 	8313 	8304 	8302 	8295 	8296 	8296 	8291 	8286 	8277 	8274 	8270 	8269 	8269 	8268 	8264 	8264 	8264 	8269 	
8490 	8492 	8492 	8488 	8486 	8481 	8482 	8474 	8474 	8472 	8470 	8466 	8467 	8462 	8462 	8461 	8460 	8460 	8461 	8463 	8464 	8467 	8494 	8511 	8506 	8507 	8509 	8510 	8509 	8510 	8510 	8511 	8507 	8509 	8511 	8509 	8501 	8497 	8492 	8483 	8465 	8451 	8429 	8414 	8403 	8383 	8375 	8371 	8366 	8367 	8369 	8366 	8362 	8350 	8350 	8344 	8342 	8338 	8331 	8328 	8329 	8316 	8314 	8310 	8300 	8299 	8294 	8297 	8294 	8289 	8280 	8271 	8273 	8271 	8271 	8268 	8269 	8266 	8267 	8271 	
8492 	8496 	8492 	8490 	8487 	8481 	8484 	8480 	8476 	8473 	8472 	8466 	8460 	8463 	8464 	8462 	8464 	8464 	8464 	8463 	8463 	8465 	8472 	8495 	8502 	8504 	8506 	8506 	8510 	8507 	8505 	8505 	8510 	8511 	8510 	8509 	8506 	8498 	8498 	8492 	8477 	8470 	8456 	8438 	8426 	8421 	8408 	8397 	8389 	8386 	8379 	8373 	8366 	8360 	8355 	8345 	8347 	8338 	8337 	8335 	8323 	8317 	8317 	8310 	8304 	8295 	8296 	8295 	8294 	8292 	8284 	8274 	8273 	8270 	8272 	8271 	8270 	8265 	8272 	8272 	
8498 	8494 	8493 	8486 	8486 	8481 	8482 	8480 	8477 	8472 	8471 	8462 	8463 	8464 	8464 	8463 	8463 	8463 	8466 	8465 	8465 	8463 	8468 	8484 	8504 	8502 	8507 	8507 	8507 	8506 	8503 	8503 	8500 	8498 	8502 	8501 	8503 	8500 	8498 	8497 	8491 	8481 	8471 	8456 	8456 	8444 	8437 	8425 	8418 	8406 	8400 	8390 	8385 	8377 	8370 	8358 	8358 	8353 	8345 	8339 	8328 	8323 	8323 	8319 	8305 	8298 	8297 	8301 	8292 	8290 	8286 	8280 	8275 	8273 	8272 	8273 	8269 	8267 	8273 	8272 	
8493 	8497 	8492 	8488 	8489 	8482 	8483 	8482 	8480 	8477 	8472 	8466 	8469 	8464 	8467 	8464 	8465 	8469 	8468 	8466 	8468 	8462 	8463 	8470 	8500 	8504 	8504 	8506 	8501 	8500 	8503 	8501 	8498 	8495 	8493 	8495 	8496 	8499 	8499 	8497 	8494 	8485 	8476 	8466 	8459 	8455 	8445 	8439 	8432 	8422 	8414 	8408 	8395 	8388 	8386 	8370 	8371 	8366 	8358 	8347 	8344 	8341 	8334 	8326 	8309 	8307 	8304 	8301 	8293 	8294 	8289 	8283 	8278 	8272 	8276 	8275 	8272 	8275 	8275 	8273 	
8490 	8493 	8491 	8492 	8488 	8483 	8482 	8483 	8482 	8481 	8475 	8475 	8471 	8470 	8467 	8466 	8468 	8466 	8469 	8470 	8468 	8462 	8464 	8466 	8490 	8508 	8504 	8503 	8501 	8496 	8497 	8498 	8492 	8493 	8491 	8490 	8487 	8494 	8493 	8497 	8496 	8485 	8482 	8473 	8461 	8452 	8447 	8440 	8440 	8434 	8428 	8417 	8399 	8396 	8383 	8377 	8376 	8370 	8363 	8355 	8348 	8346 	8336 	8328 	8314 	8312 	8302 	8307 	8297 	8299 	8295 	8290 	8278 	8278 	8279 	8279 	8274 	8273 	8280 	8279 	
8487 	8494 	8491 	8487 	8486 	8484 	8483 	8482 	8478 	8482 	8479 	8475 	8474 	8472 	8475 	8466 	8467 	8469 	8468 	8471 	8468 	8464 	8463 	8464 	8477 	8507 	8506 	8503 	8500 	8496 	8494 	8493 	8493 	8490 	8484 	8484 	8483 	8485 	8485 	8489 	8489 	8484 	8483 	8481 	8471 	8450 	8451 	8444 	8444 	8436 	8428 	8421 	8406 	8397 	8388 	8378 	8378 	8372 	8367 	8368 	8361 	8353 	8347 	8333 	8322 	8315 	8308 	8308 	8299 	8304 	8302 	8295 	8286 	8280 	8283 	8282 	8278 	8278 	8283 	8283 	
8490 	8492 	8491 	8488 	8487 	8482 	8485 	8483 	8483 	8481 	8479 	8477 	8478 	8475 	8471 	8469 	8469 	8471 	8471 	8473 	8469 	8466 	8463 	8462 	8467 	8498 	8507 	8504 	8500 	8495 	8497 	8493 	8493 	8486 	8485 	8478 	8477 	8475 	8476 	8482 	8487 	8484 	8482 	8484 	8483 	8461 	8459 	8449 	8446 	8431 	8426 	8415 	8406 	8398 	8389 	8383 	8379 	8377 	8371 	8373 	8367 	8363 	8357 	8346 	8332 	8323 	8320 	8316 	8308 	8308 	8306 	8299 	8292 	8292 	8294 	8296 	8285 	8287 	8289 	8290 	
8490 	8494 	8496 	8488 	8486 	8482 	8482 	8483 	8481 	8484 	8480 	8479 	8478 	8477 	8474 	8474 	8469 	8475 	8471 	8474 	8474 	8468 	8464 	8457 	8459 	8478 	8500 	8503 	8500 	8494 	8497 	8491 	8489 	8490 	8485 	8478 	8473 	8471 	8471 	8474 	8480 	8479 	8475 	8483 	8486 	8464 	8475 	8471 	8465 	8446 	8431 	8419 	8410 	8404 	8394 	8390 	8386 	8383 	8380 	8376 	8372 	8372 	8364 	8359 	8349 	8342 	8329 	8324 	8313 	8313 	8305 	8303 	8305 	8343 	8345 	8337 	8321 	8314 	8311 	8303 	
8495 	8495 	8496 	8489 	8488 	8480 	8481 	8481 	8483 	8482 	8480 	8477 	8478 	8479 	8477 	8472 	8474 	8474 	8475 	8474 	8475 	8471 	8463 	8458 	8458 	8461 	8480 	8491 	8491 	8494 	8499 	8491 	8489 	8487 	8486 	8479 	8471 	8472 	8472 	8472 	8475 	8472 	8475 	8479 	8481 	8468 	8466 	8474 	8476 	8467 	8458 	8440 	8423 	8415 	8404 	8397 	8396 	8391 	8385 	8378 	8373 	8368 	8371 	8368 	8360 	8352 	8338 	8329 	8320 	8315 	8309 	8303 	8309 	8361 	8392 	8392 	8382 	8379 	8368 	8357 	
8494 	8496 	8495 	8491 	8487 	8485 	8486 	8485 	8486 	8483 	8481 	8480 	8482 	8479 	8479 	8476 	8479 	8478 	8478 	8479 	8478 	8470 	8466 	8460 	8456 	8457 	8465 	8484 	8479 	8481 	8491 	8489 	8486 	8486 	8480 	8481 	8474 	8468 	8468 	8469 	8474 	8471 	8474 	8478 	8483 	8477 	8468 	8476 	8480 	8473 	8476 	8459 	8445 	8434 	8422 	8418 	8414 	8408 	8396 	8383 	8380 	8374 	8378 	8373 	8365 	8358 	8348 	8339 	8328 	8322 	8310 	8305 	8317 	8366 	8389 	8393 	8389 	8391 	8390 	8386 	
8501 	8502 	8496 	8491 	8489 	8485 	8486 	8485 	8489 	8484 	8485 	8484 	8483 	8485 	8480 	8479 	8477 	8480 	8480 	8475 	8476 	8471 	8469 	8462 	8458 	8453 	8460 	8474 	8476 	8473 	8477 	8482 	8484 	8476 	8467 	8473 	8474 	8467 	8472 	8468 	8467 	8464 	8467 	8474 	8481 	8479 	8476 	8482 	8478 	8474 	8477 	8471 	8454 	8445 	8435 	8428 	8430 	8422 	8410 	8397 	8388 	8379 	8380 	8373 	8368 	8361 	8353 	8347 	8334 	8328 	8321 	8312 	8326 	8375 	8394 	8397 	8395 	8393 	8388 	8388 	
8505 	8502 	8498 	8501 	8491 	8491 	8487 	8487 	8487 	8490 	8486 	8483 	8485 	8481 	8482 	8480 	8483 	8483 	8483 	8479 	8479 	8473 	8465 	8460 	8457 	8458 	8457 	8462 	8469 	8466 	8465 	8471 	8480 	8474 	8466 	8469 	8468 	8465 	8465 	8465 	8466 	8469 	8471 	8474 	8480 	8479 	8482 	8475 	8480 	8476 	8479 	8477 	8459 	8455 	8447 	8432 	8436 	8431 	8422 	8412 	8402 	8395 	8390 	8382 	8377 	8368 	8362 	8358 	8349 	8341 	8331 	8324 	8340 	8389 	8406 	8404 	8399 	8396 	8396 	8395 	
8502 	8505 	8502 	8497 	8499 	8492 	8493 	8488 	8488 	8488 	8486 	8486 	8486 	8482 	8485 	8482 	8481 	8484 	8486 	8482 	8479 	8474 	8469 	8462 	8460 	8458 	8451 	8453 	8460 	8459 	8460 	8463 	8463 	8467 	8462 	8461 	8461 	8464 	8466 	8461 	8464 	8471 	8470 	8478 	8482 	8480 	8485 	8474 	8474 	8469 	8470 	8467 	8460 	8454 	8454 	8442 	8442 	8444 	8429 	8422 	8412 	8407 	8406 	8400 	8385 	8384 	8376 	8374 	8366 	8357 	8350 	8340 	8358 	8406 	8411 	8410 	8406 	8399 	8400 	8395 	
8503 	8508 	8505 	8498 	8499 	8495 	8498 	8494 	8493 	8493 	8492 	8489 	8487 	8486 	8487 	8484 	8483 	8482 	8484 	8489 	8481 	8474 	8471 	8467 	8461 	8461 	8452 	8451 	8454 	8461 	8460 	8458 	8458 	8463 	8458 	8454 	8460 	8460 	8459 	8458 	8463 	8471 	8470 	8474 	8484 	8481 	8480 	8468 	8467 	8465 	8464 	8452 	8456 	8457 	8454 	8446 	8437 	8451 	8443 	8433 	8427 	8418 	8419 	8410 	8399 	8396 	8389 	8386 	8378 	8373 	8365 	8355 	8371 	8413 	8423 	8415 	8407 	8404 	8399 	8399 	
8505 	8507 	8507 	8505 	8502 	8504 	8505 	8497 	8499 	8495 	8493 	8489 	8489 	8493 	8492 	8487 	8487 	8489 	8485 	8491 	8482 	8477 	8473 	8471 	8466 	8462 	8455 	8456 	8452 	8455 	8458 	8452 	8454 	8456 	8454 	8450 	8452 	8456 	8458 	8455 	8460 	8466 	8469 	8476 	8483 	8483 	8477 	8462 	8464 	8463 	8457 	8456 	8452 	8449 	8452 	8436 	8429 	8448 	8449 	8445 	8438 	8434 	8422 	8415 	8405 	8406 	8395 	8395 	8387 	8382 	8373 	8364 	8378 	8418 	8423 	8418 	8410 	8404 	8405 	8404 	
8501 	8508 	8512 	8511 	8508 	8508 	8507 	8507 	8508 	8504 	8499 	8498 	8497 	8493 	8493 	8488 	8488 	8489 	8489 	8489 	8487 	8486 	8478 	8470 	8465 	8465 	8458 	8455 	8451 	8451 	8453 	8452 	8452 	8454 	8451 	8450 	8453 	8457 	8455 	8458 	8457 	8458 	8457 	8457 	8459 	8470 	8466 	8461 	8460 	8447 	8449 	8454 	8448 	8443 	8441 	8434 	8430 	8435 	8437 	8438 	8432 	8436 	8431 	8414 	8409 	8412 	8404 	8402 	8396 	8387 	8381 	8370 	8383 	8420 	8422 	8418 	8410 	8403 	8407 	8402 	
8499 	8512 	8517 	8511 	8514 	8510 	8514 	8509 	8511 	8506 	8504 	8499 	8497 	8497 	8500 	8495 	8492 	8494 	8490 	8494 	8488 	8485 	8481 	8474 	8472 	8464 	8464 	8458 	8450 	8455 	8451 	8451 	8447 	8451 	8444 	8450 	8456 	8461 	8459 	8461 	8447 	8427 	8416 	8436 	8454 	8457 	8457 	8453 	8447 	8432 	8440 	8443 	8430 	8434 	8441 	8437 	8425 	8435 	8416 	8407 	8411 	8422 	8429 	8422 	8412 	8408 	8407 	8399 	8394 	8386 	8378 	8372 	8378 	8421 	8426 	8418 	8415 	8408 	8414 	8407 	
8506 	8511 	8518 	8514 	8515 	8513 	8515 	8512 	8512 	8511 	8507 	8502 	8500 	8504 	8499 	8499 	8496 	8496 	8496 	8493 	8491 	8489 	8484 	8478 	8478 	8470 	8468 	8458 	8457 	8456 	8452 	8447 	8444 	8448 	8441 	8455 	8461 	8461 	8458 	8451 	8440 	8441 	8441 	8450 	8459 	8455 	8451 	8438 	8441 	8415 	8429 	8435 	8423 	8428 	8434 	8427 	8405 	8412 	8413 	8402 	8392 	8386 	8417 	8414 	8414 	8407 	8397 	8391 	8387 	8359 	8348 	8348 	8360 	8411 	8419 	8421 	8413 	8411 	8416 	8408 	
8511 	8512 	8517 	8516 	8513 	8513 	8514 	8512 	8516 	8508 	8508 	8506 	8504 	8504 	8503 	8502 	8500 	8496 	8499 	8492 	8493 	8489 	8489 	8481 	8481 	8475 	8471 	8458 	8459 	8458 	8453 	8447 	8441 	8442 	8451 	8459 	8462 	8458 	8448 	8433 	8437 	8454 	8461 	8454 	8456 	8460 	8460 	8446 	8436 	8418 	8432 	8438 	8419 	8413 	8420 	8422 	8404 	8404 	8406 	8396 	8372 	8362 	8388 	8401 	8402 	8393 	8379 	8382 	8376 	8354 	8322 	8317 	8321 	8347 	8371 	8383 	8393 	8402 	8409 	8405 	
8521 	8519 	8523 	8514 	8516 	8515 	8517 	8511 	8511 	8509 	8506 	8505 	8507 	8503 	8503 	8502 	8497 	8497 	8495 	8492 	8490 	8487 	8488 	8482 	8483 	8478 	8472 	8462 	8460 	8455 	8453 	8447 	8437 	8440 	8448 	8461 	8462 	8445 	8433 	8437 	8442 	8446 	8460 	8462 	8454 	8455 	8456 	8446 	8444 	8431 	8434 	8438 	8419 	8414 	8399 	8412 	8414 	8400 	8396 	8382 	8367 	8372 	8374 	8381 	8381 	8377 	8365 	8365 	8360 	8348 	8319 	8312 	8307 	8307 	8309 	8311 	8315 	8333 	8357 	8364 	
8524 	8524 	8526 	8519 	8516 	8515 	8518 	8511 	8512 	8511 	8508 	8507 	8507 	8505 	8501 	8500 	8502 	8498 	8500 	8491 	8489 	8485 	8487 	8484 	8484 	8482 	8475 	8469 	8462 	8456 	8454 	8442 	8433 	8449 	8453 	8456 	8448 	8422 	8414 	8434 	8444 	8437 	8462 	8465 	8459 	8458 	8447 	8446 	8443 	8429 	8426 	8431 	8422 	8411 	8401 	8409 	8404 	8385 	8392 	8366 	8366 	8364 	8359 	8359 	8362 	8367 	8352 	8352 	8346 	8337 	8334 	8336 	8317 	8303 	8297 	8289 	8285 	8285 	8295 	8294 	
8531 	8530 	8525 	8519 	8518 	8515 	8517 	8512 	8511 	8508 	8509 	8503 	8504 	8506 	8502 	8499 	8500 	8499 	8497 	8494 	8491 	8489 	8488 	8481 	8484 	8480 	8474 	8472 	8464 	8461 	8450 	8437 	8455 	8459 	8459 	8453 	8437 	8422 	8431 	8428 	8460 	8450 	8465 	8459 	8448 	8449 	8445 	8431 	8424 	8426 	8439 	8425 	8414 	8399 	8407 	8403 	8384 	8375 	8381 	8360 	8363 	8362 	8364 	8352 	8349 	8355 	8346 	8343 	8332 	8334 	8335 	8340 	8342 	8301 	8289 	8282 	8278 	8280 	8276 	8278 	
8535 	8534 	8533 	8525 	8522 	8514 	8518 	8514 	8514 	8507 	8510 	8504 	8507 	8502 	8507 	8501 	8502 	8498 	8499 	8495 	8493 	8492 	8488 	8483 	8483 	8484 	8475 	8470 	8464 	8465 	8445 	8437 	8429 	8426 	8436 	8435 	8442 	8433 	8453 	8444 	8452 	8458 	8460 	8454 	8450 	8438 	8443 	8428 	8415 	8417 	8434 	8425 	8433 	8410 	8412 	8392 	8371 	8374 	8365 	8359 	8364 	8367 	8366 	8353 	8352 	8352 	8349 	8337 	8332 	8338 	8337 	8332 	8343 	8311 	8285 	8276 	8270 	8273 	8272 	8280 	
8534 	8540 	8532 	8528 	8526 	8517 	8518 	8512 	8512 	8509 	8508 	8506 	8508 	8505 	8505 	8503 	8500 	8501 	8498 	8496 	8493 	8491 	8494 	8484 	8485 	8483 	8477 	8475 	8471 	8453 	8435 	8424 	8420 	8412 	8406 	8408 	8431 	8442 	8466 	8448 	8447 	8450 	8447 	8440 	8429 	8427 	8428 	8440 	8412 	8395 	8421 	8441 	8433 	8416 	8404 	8371 	8370 	8379 	8368 	8366 	8373 	8374 	8365 	8359 	8359 	8363 	8359 	8349 	8346 	8360 	8347 	8346 	8353 	8323 	8284 	8275 	8273 	8277 	8273 	8280 	
8542 	8541 	8536 	8523 	8526 	8520 	8515 	8508 	8510 	8509 	8506 	8505 	8506 	8504 	8507 	8502 	8501 	8502 	8497 	8493 	8494 	8496 	8492 	8486 	8484 	8482 	8475 	8478 	8461 	8437 	8411 	8408 	8407 	8409 	8408 	8416 	8420 	8431 	8440 	8430 	8429 	8424 	8422 	8415 	8416 	8421 	8432 	8423 	8398 	8392 	8411 	8428 	8421 	8411 	8392 	8373 	8382 	8385 	8372 	8375 	8390 	8380 	8372 	8374 	8373 	8379 	8375 	8363 	8364 	8380 	8369 	8375 	8389 	8329 	8294 	8287 	8283 	8292 	8288 	8286 	
8546 	8544 	8534 	8524 	8524 	8518 	8515 	8510 	8510 	8509 	8505 	8504 	8504 	8503 	8504 	8505 	8504 	8499 	8497 	8496 	8494 	8493 	8492 	8483 	8484 	8477 	8481 	8472 	8469 	8434 	8409 	8406 	8406 	8416 	8428 	8449 	8449 	8436 	8445 	8426 	8411 	8407 	8408 	8412 	8420 	8431 	8437 	8428 	8405 	8400 	8398 	8404 	8413 	8400 	8392 	8383 	8388 	8378 	8381 	8399 	8391 	8378 	8382 	8381 	8379 	8388 	8375 	8374 	8388 	8399 	8399 	8434 	8445 	8391 	8349 	8322 	8317 	8315 	8307 	8293 	
8554 	8538 	8532 	8518 	8517 	8515 	8518 	8509 	8510 	8513 	8507 	8501 	8505 	8501 	8503 	8505 	8501 	8504 	8499 	8497 	8495 	8496 	8492 	8484 	8481 	8489 	8479 	8470 	8493 	8456 	8409 	8412 	8410 	8417 	8440 	8463 	8481 	8464 	8448 	8436 	8412 	8430 	8417 	8419 	8435 	8427 	8437 	8430 	8422 	8412 	8398 	8398 	8398 	8392 	8393 	8381 	8382 	8384 	8399 	8398 	8388 	8384 	8386 	8378 	8382 	8383 	8375 	8386 	8396 	8418 	8450 	8503 	8512 	8492 	8457 	8416 	8387 	8366 	8336 	8308 	


