8362 	8364 	8362 	8357 	8355 	8352 	8350 	8351 	8349 	8348 	8345 	8343 	8343 	8344 	8344 	8338 	8338 	8337 	8337 	8336 	8335 	8332 	8331 	8329 	8330 	8332 	8334 	8333 	8329 	8326 	8324 	8323 	8323 	8323 	8326 	8325 	8321 	8320 	8321 	8322 	8322 	8318 	8318 	8322 	8318 	8320 	8322 	8323 	8324 	8325 	8329 	8325 	8328 	8326 	8326 	8330 	8328 	8330 	8331 	8335 	8333 	8333 	8336 	8340 	8336 	8338 	8342 	8340 	8341 	8346 	8347 	8345 	8345 	8349 	8350 	8344 	8341 	8345 	8343 	8341 	
8363 	8359 	8360 	8355 	8351 	8350 	8352 	8351 	8347 	8347 	8345 	8341 	8339 	8344 	8344 	8338 	8336 	8338 	8335 	8332 	8331 	8331 	8330 	8330 	8330 	8329 	8329 	8328 	8328 	8328 	8326 	8323 	8323 	8324 	8323 	8323 	8320 	8319 	8318 	8323 	8323 	8320 	8320 	8321 	8317 	8318 	8321 	8320 	8326 	8323 	8327 	8323 	8327 	8324 	8328 	8329 	8328 	8328 	8327 	8331 	8332 	8330 	8333 	8333 	8335 	8339 	8342 	8340 	8338 	8345 	8347 	8346 	8343 	8346 	8346 	8342 	8345 	8342 	8342 	8341 	
8362 	8360 	8356 	8354 	8351 	8347 	8348 	8348 	8348 	8346 	8344 	8344 	8340 	8340 	8339 	8337 	8334 	8332 	8335 	8333 	8333 	8328 	8328 	8328 	8325 	8328 	8327 	8329 	8328 	8322 	8324 	8322 	8320 	8320 	8321 	8322 	8318 	8321 	8321 	8321 	8322 	8318 	8321 	8324 	8318 	8321 	8323 	8321 	8324 	8325 	8325 	8320 	8323 	8324 	8326 	8324 	8326 	8328 	8325 	8329 	8332 	8330 	8335 	8335 	8339 	8339 	8343 	8341 	8340 	8342 	8344 	8346 	8344 	8340 	8346 	8342 	8343 	8342 	8341 	8338 	
8360 	8356 	8358 	8355 	8350 	8345 	8348 	8346 	8343 	8341 	8340 	8342 	8337 	8338 	8337 	8341 	8333 	8332 	8334 	8328 	8328 	8327 	8326 	8328 	8326 	8324 	8326 	8326 	8322 	8325 	8325 	8322 	8323 	8321 	8321 	8324 	8319 	8319 	8318 	8320 	8324 	8319 	8317 	8322 	8322 	8318 	8322 	8322 	8319 	8322 	8320 	8321 	8325 	8323 	8324 	8324 	8327 	8328 	8330 	8330 	8332 	8329 	8332 	8331 	8335 	8338 	8341 	8337 	8342 	8344 	8343 	8342 	8341 	8345 	8341 	8340 	8343 	8342 	8342 	8338 	
8360 	8358 	8357 	8353 	8352 	8347 	8346 	8346 	8342 	8339 	8341 	8340 	8334 	8334 	8332 	8332 	8334 	8331 	8328 	8328 	8328 	8322 	8324 	8327 	8323 	8322 	8324 	8323 	8324 	8321 	8322 	8322 	8319 	8320 	8322 	8319 	8320 	8316 	8318 	8318 	8322 	8316 	8317 	8320 	8318 	8320 	8323 	8322 	8323 	8320 	8321 	8323 	8324 	8321 	8321 	8325 	8323 	8328 	8326 	8329 	8330 	8329 	8332 	8328 	8332 	8335 	8341 	8337 	8340 	8338 	8340 	8339 	8342 	8336 	8337 	8338 	8337 	8342 	8343 	8338 	
8360 	8356 	8355 	8352 	8350 	8348 	8342 	8343 	8342 	8338 	8340 	8336 	8337 	8337 	8331 	8332 	8332 	8331 	8329 	8326 	8328 	8328 	8325 	8327 	8322 	8325 	8323 	8324 	8322 	8320 	8319 	8317 	8316 	8319 	8314 	8320 	8320 	8321 	8317 	8315 	8318 	8319 	8318 	8317 	8320 	8324 	8322 	8322 	8322 	8321 	8317 	8321 	8323 	8321 	8324 	8323 	8328 	8327 	8326 	8328 	8329 	8329 	8329 	8330 	8331 	8333 	8338 	8337 	8336 	8338 	8342 	8338 	8340 	8339 	8340 	8338 	8340 	8342 	8345 	8339 	
8352 	8353 	8351 	8352 	8350 	8346 	8343 	8345 	8341 	8339 	8339 	8339 	8333 	8333 	8331 	8329 	8329 	8328 	8327 	8326 	8322 	8326 	8320 	8322 	8321 	8319 	8318 	8318 	8318 	8319 	8315 	8319 	8319 	8318 	8317 	8317 	8318 	8318 	8316 	8318 	8321 	8316 	8318 	8319 	8319 	8320 	8321 	8321 	8321 	8317 	8320 	8320 	8323 	8317 	8321 	8321 	8323 	8325 	8328 	8327 	8327 	8322 	8332 	8327 	8329 	8332 	8334 	8332 	8334 	8335 	8341 	8337 	8338 	8339 	8341 	8338 	8339 	8338 	8341 	8340 	
8353 	8351 	8351 	8349 	8345 	8346 	8342 	8342 	8345 	8338 	8340 	8336 	8330 	8330 	8331 	8328 	8326 	8329 	8328 	8324 	8323 	8323 	8318 	8321 	8318 	8319 	8320 	8319 	8316 	8317 	8318 	8320 	8320 	8317 	8316 	8316 	8315 	8317 	8316 	8316 	8322 	8317 	8315 	8317 	8318 	8318 	8319 	8318 	8316 	8315 	8317 	8315 	8319 	8317 	8317 	8319 	8321 	8322 	8322 	8328 	8323 	8319 	8327 	8323 	8327 	8330 	8331 	8332 	8333 	8335 	8338 	8337 	8336 	8339 	8339 	8337 	8340 	8340 	8339 	8338 	
8355 	8353 	8354 	8348 	8346 	8346 	8345 	8343 	8340 	8341 	8337 	8336 	8334 	8334 	8332 	8326 	8327 	8326 	8322 	8322 	8324 	8324 	8317 	8323 	8317 	8318 	8316 	8318 	8319 	8317 	8317 	8320 	8319 	8312 	8312 	8317 	8315 	8313 	8314 	8315 	8320 	8318 	8314 	8315 	8320 	8320 	8319 	8318 	8315 	8314 	8315 	8316 	8314 	8316 	8315 	8315 	8318 	8319 	8318 	8324 	8320 	8323 	8325 	8324 	8327 	8328 	8331 	8335 	8330 	8333 	8335 	8333 	8335 	8339 	8341 	8341 	8339 	8336 	8341 	8339 	
8356 	8350 	8349 	8348 	8343 	8345 	8340 	8336 	8338 	8337 	8333 	8331 	8330 	8332 	8329 	8327 	8327 	8326 	8325 	8320 	8322 	8321 	8319 	8318 	8319 	8319 	8321 	8315 	8316 	8314 	8314 	8316 	8318 	8317 	8310 	8311 	8314 	8314 	8314 	8315 	8320 	8313 	8314 	8315 	8315 	8316 	8313 	8317 	8311 	8314 	8315 	8315 	8316 	8316 	8313 	8317 	8319 	8321 	8317 	8317 	8318 	8320 	8322 	8323 	8325 	8323 	8329 	8328 	8330 	8333 	8333 	8334 	8335 	8337 	8337 	8339 	8339 	8341 	8340 	8337 	
8352 	8346 	8346 	8344 	8343 	8342 	8340 	8340 	8335 	8334 	8331 	8334 	8326 	8326 	8326 	8325 	8324 	8326 	8321 	8321 	8323 	8318 	8313 	8315 	8314 	8317 	8315 	8317 	8312 	8316 	8314 	8315 	8316 	8313 	8312 	8313 	8313 	8311 	8312 	8312 	8314 	8315 	8311 	8314 	8313 	8315 	8313 	8312 	8312 	8312 	8315 	8311 	8313 	8308 	8314 	8313 	8316 	8320 	8319 	8320 	8318 	8315 	8324 	8322 	8323 	8324 	8328 	8329 	8327 	8329 	8331 	8330 	8333 	8334 	8340 	8339 	8337 	8337 	8338 	8334 	
8352 	8351 	8348 	8343 	8341 	8337 	8337 	8337 	8334 	8330 	8329 	8331 	8326 	8326 	8327 	8327 	8324 	8324 	8320 	8321 	8321 	8316 	8313 	8312 	8314 	8315 	8317 	8316 	8313 	8314 	8309 	8314 	8310 	8312 	8309 	8309 	8310 	8308 	8310 	8312 	8315 	8313 	8315 	8314 	8314 	8313 	8310 	8312 	8310 	8314 	8312 	8310 	8314 	8312 	8314 	8312 	8313 	8322 	8321 	8318 	8315 	8320 	8319 	8319 	8320 	8324 	8327 	8327 	8327 	8329 	8333 	8331 	8335 	8335 	8336 	8337 	8337 	8338 	8336 	8333 	
8352 	8351 	8347 	8346 	8336 	8337 	8337 	8333 	8333 	8332 	8331 	8327 	8324 	8322 	8322 	8324 	8321 	8322 	8323 	8321 	8318 	8316 	8311 	8311 	8311 	8311 	8310 	8314 	8311 	8310 	8309 	8308 	8309 	8313 	8311 	8311 	8312 	8312 	8309 	8309 	8312 	8308 	8312 	8313 	8309 	8311 	8310 	8312 	8311 	8313 	8309 	8310 	8312 	8312 	8312 	8314 	8314 	8317 	8315 	8318 	8322 	8318 	8321 	8317 	8319 	8322 	8325 	8326 	8327 	8326 	8327 	8328 	8332 	8330 	8335 	8334 	8338 	8337 	8335 	8335 	
8348 	8344 	8348 	8342 	8336 	8336 	8335 	8334 	8332 	8329 	8328 	8325 	8325 	8322 	8325 	8321 	8320 	8320 	8322 	8320 	8318 	8316 	8311 	8311 	8312 	8311 	8311 	8311 	8311 	8310 	8310 	8309 	8309 	8311 	8309 	8312 	8310 	8309 	8309 	8306 	8308 	8307 	8313 	8311 	8307 	8310 	8313 	8310 	8310 	8310 	8313 	8312 	8315 	8314 	8314 	8314 	8314 	8317 	8316 	8316 	8319 	8318 	8316 	8322 	8321 	8323 	8323 	8323 	8323 	8323 	8328 	8328 	8329 	8328 	8335 	8334 	8335 	8338 	8335 	8333 	
8348 	8343 	8344 	8338 	8337 	8337 	8335 	8333 	8331 	8331 	8328 	8325 	8326 	8325 	8324 	8321 	8319 	8316 	8313 	8317 	8317 	8314 	8314 	8311 	8310 	8305 	8307 	8310 	8308 	8308 	8307 	8309 	8306 	8308 	8307 	8307 	8307 	8307 	8302 	8305 	8308 	8307 	8310 	8308 	8306 	8307 	8311 	8309 	8309 	8309 	8309 	8310 	8313 	8313 	8311 	8314 	8314 	8314 	8313 	8317 	8318 	8319 	8317 	8320 	8322 	8323 	8324 	8322 	8323 	8322 	8325 	8327 	8329 	8329 	8332 	8331 	8334 	8335 	8334 	8331 	
8346 	8345 	8337 	8339 	8333 	8334 	8336 	8332 	8328 	8334 	8331 	8326 	8326 	8323 	8321 	8320 	8318 	8318 	8315 	8315 	8314 	8313 	8312 	8311 	8307 	8308 	8309 	8310 	8311 	8311 	8307 	8303 	8309 	8308 	8307 	8307 	8304 	8306 	8302 	8304 	8308 	8306 	8308 	8307 	8308 	8310 	8305 	8308 	8308 	8308 	8307 	8309 	8313 	8310 	8309 	8310 	8310 	8310 	8309 	8311 	8315 	8318 	8320 	8319 	8320 	8322 	8322 	8320 	8327 	8322 	8322 	8324 	8331 	8329 	8330 	8330 	8335 	8334 	8331 	8332 	
8346 	8342 	8340 	8336 	8330 	8329 	8331 	8328 	8327 	8326 	8328 	8328 	8325 	8323 	8320 	8317 	8319 	8317 	8316 	8314 	8314 	8313 	8312 	8309 	8309 	8309 	8310 	8308 	8307 	8305 	8306 	8306 	8308 	8306 	8306 	8304 	8304 	8305 	8305 	8305 	8308 	8304 	8306 	8305 	8305 	8304 	8305 	8305 	8305 	8306 	8305 	8309 	8310 	8310 	8308 	8309 	8309 	8309 	8309 	8311 	8315 	8317 	8320 	8317 	8315 	8318 	8322 	8320 	8322 	8323 	8323 	8322 	8328 	8329 	8332 	8328 	8330 	8332 	8333 	8332 	
8342 	8338 	8336 	8337 	8329 	8331 	8327 	8326 	8325 	8324 	8329 	8323 	8322 	8319 	8317 	8316 	8313 	8315 	8314 	8313 	8313 	8312 	8315 	8314 	8313 	8309 	8310 	8308 	8309 	8306 	8306 	8302 	8306 	8306 	8305 	8308 	8307 	8303 	8304 	8301 	8305 	8304 	8303 	8305 	8303 	8303 	8304 	8301 	8302 	8305 	8307 	8303 	8310 	8310 	8308 	8306 	8309 	8310 	8309 	8314 	8311 	8314 	8315 	8314 	8315 	8317 	8323 	8319 	8322 	8324 	8323 	8325 	8327 	8327 	8326 	8327 	8328 	8328 	8331 	8327 	
8344 	8336 	8335 	8334 	8332 	8328 	8326 	8328 	8326 	8322 	8327 	8325 	8320 	8318 	8317 	8314 	8316 	8315 	8315 	8314 	8314 	8314 	8309 	8311 	8310 	8308 	8308 	8306 	8307 	8305 	8305 	8306 	8304 	8305 	8305 	8307 	8304 	8303 	8302 	8301 	8302 	8301 	8303 	8305 	8304 	8303 	8304 	8300 	8302 	8302 	8306 	8306 	8308 	8310 	8306 	8305 	8311 	8310 	8311 	8310 	8313 	8313 	8314 	8315 	8316 	8316 	8319 	8321 	8320 	8320 	8325 	8325 	8325 	8324 	8327 	8327 	8325 	8327 	8331 	8323 	
8343 	8335 	8333 	8337 	8328 	8327 	8327 	8324 	8326 	8321 	8323 	8321 	8319 	8317 	8317 	8316 	8315 	8316 	8312 	8312 	8310 	8311 	8308 	8310 	8309 	8308 	8308 	8306 	8306 	8304 	8304 	8302 	8305 	8304 	8304 	8307 	8304 	8303 	8301 	8300 	8304 	8300 	8303 	8302 	8300 	8302 	8303 	8300 	8305 	8303 	8305 	8305 	8306 	8306 	8309 	8307 	8310 	8310 	8308 	8311 	8314 	8313 	8315 	8316 	8316 	8317 	8321 	8320 	8321 	8324 	8321 	8326 	8320 	8323 	8326 	8324 	8325 	8325 	8326 	8327 	
8341 	8338 	8341 	8333 	8329 	8325 	8326 	8323 	8323 	8322 	8320 	8318 	8319 	8319 	8316 	8319 	8316 	8315 	8312 	8310 	8311 	8308 	8310 	8308 	8308 	8306 	8307 	8308 	8306 	8304 	8300 	8302 	8303 	8304 	8305 	8302 	8306 	8301 	8299 	8299 	8303 	8300 	8304 	8300 	8300 	8302 	8302 	8303 	8301 	8301 	8303 	8304 	8306 	8308 	8309 	8305 	8306 	8309 	8310 	8310 	8312 	8312 	8315 	8310 	8319 	8315 	8319 	8318 	8321 	8320 	8325 	8322 	8324 	8322 	8329 	8323 	8329 	8325 	8327 	8327 	
8341 	8338 	8334 	8330 	8325 	8324 	8324 	8324 	8322 	8318 	8322 	8322 	8319 	8320 	8317 	8316 	8314 	8312 	8311 	8310 	8307 	8307 	8307 	8306 	8305 	8302 	8304 	8307 	8305 	8306 	8299 	8300 	8303 	8304 	8304 	8302 	8300 	8305 	8302 	8301 	8304 	8301 	8302 	8302 	8298 	8300 	8302 	8299 	8303 	8302 	8302 	8302 	8302 	8305 	8305 	8308 	8306 	8305 	8305 	8308 	8306 	8307 	8312 	8313 	8315 	8318 	8317 	8322 	8317 	8321 	8319 	8321 	8321 	8327 	8330 	8327 	8331 	8325 	8326 	8325 	
8339 	8339 	8333 	8329 	8325 	8325 	8325 	8322 	8322 	8317 	8321 	8320 	8319 	8316 	8317 	8317 	8313 	8312 	8310 	8309 	8311 	8308 	8303 	8304 	8305 	8301 	8302 	8307 	8307 	8303 	8301 	8302 	8303 	8303 	8302 	8301 	8302 	8301 	8298 	8302 	8304 	8302 	8297 	8303 	8299 	8298 	8301 	8300 	8302 	8303 	8302 	8298 	8302 	8300 	8302 	8304 	8310 	8306 	8306 	8309 	8310 	8308 	8314 	8313 	8318 	8314 	8318 	8316 	8318 	8322 	8317 	8326 	8322 	8323 	8325 	8327 	8328 	8328 	8327 	8321 	
8339 	8334 	8330 	8331 	8325 	8320 	8324 	8322 	8318 	8317 	8319 	8315 	8315 	8314 	8313 	8316 	8313 	8308 	8311 	8308 	8306 	8305 	8305 	8302 	8304 	8305 	8303 	8303 	8304 	8303 	8303 	8303 	8304 	8302 	8300 	8299 	8298 	8296 	8299 	8300 	8305 	8298 	8299 	8301 	8300 	8300 	8302 	8299 	8301 	8299 	8297 	8296 	8299 	8301 	8301 	8304 	8306 	8304 	8303 	8308 	8306 	8308 	8312 	8311 	8311 	8311 	8320 	8317 	8317 	8320 	8319 	8322 	8320 	8321 	8326 	8324 	8324 	8329 	8328 	8327 	
8339 	8336 	8332 	8325 	8325 	8325 	8322 	8321 	8318 	8318 	8320 	8318 	8315 	8312 	8311 	8310 	8309 	8309 	8311 	8309 	8307 	8307 	8305 	8302 	8303 	8305 	8306 	8306 	8304 	8304 	8306 	8302 	8303 	8303 	8298 	8303 	8298 	8300 	8298 	8299 	8299 	8298 	8298 	8299 	8298 	8299 	8301 	8301 	8302 	8302 	8302 	8299 	8300 	8302 	8302 	8303 	8309 	8307 	8306 	8308 	8307 	8308 	8310 	8312 	8311 	8314 	8318 	8316 	8318 	8314 	8316 	8322 	8320 	8320 	8327 	8327 	8322 	8324 	8327 	8323 	
8336 	8334 	8329 	8326 	8326 	8321 	8323 	8323 	8319 	8320 	8321 	8316 	8311 	8312 	8309 	8310 	8311 	8309 	8311 	8310 	8309 	8306 	8304 	8306 	8306 	8303 	8304 	8306 	8303 	8305 	8304 	8303 	8302 	8303 	8301 	8299 	8299 	8299 	8301 	8299 	8300 	8295 	8297 	8298 	8299 	8301 	8301 	8301 	8302 	8299 	8303 	8302 	8298 	8301 	8303 	8306 	8307 	8307 	8306 	8306 	8307 	8307 	8308 	8310 	8315 	8312 	8317 	8314 	8317 	8316 	8317 	8319 	8317 	8318 	8324 	8322 	8324 	8325 	8328 	8330 	
8337 	8336 	8331 	8324 	8321 	8323 	8323 	8322 	8320 	8317 	8318 	8315 	8315 	8311 	8310 	8310 	8311 	8312 	8312 	8310 	8306 	8306 	8304 	8304 	8303 	8301 	8300 	8305 	8303 	8306 	8304 	8302 	8301 	8297 	8300 	8299 	8298 	8300 	8298 	8296 	8301 	8298 	8297 	8297 	8300 	8300 	8299 	8301 	8302 	8303 	8302 	8297 	8300 	8301 	8300 	8307 	8307 	8307 	8308 	8309 	8306 	8307 	8313 	8310 	8313 	8316 	8314 	8317 	8318 	8316 	8317 	8318 	8318 	8321 	8322 	8324 	8326 	8324 	8326 	8325 	
8335 	8334 	8331 	8327 	8321 	8322 	8324 	8323 	8320 	8318 	8316 	8316 	8312 	8312 	8310 	8310 	8312 	8311 	8311 	8308 	8308 	8305 	8303 	8305 	8306 	8306 	8302 	8308 	8304 	8302 	8303 	8302 	8302 	8301 	8298 	8300 	8298 	8299 	8298 	8296 	8300 	8297 	8297 	8296 	8298 	8302 	8300 	8299 	8299 	8298 	8301 	8298 	8301 	8303 	8300 	8308 	8306 	8303 	8307 	8305 	8310 	8311 	8312 	8311 	8315 	8316 	8316 	8319 	8318 	8315 	8318 	8318 	8322 	8320 	8327 	8325 	8325 	8323 	8328 	8326 	
8337 	8335 	8328 	8325 	8324 	8324 	8321 	8321 	8324 	8317 	8319 	8319 	8316 	8314 	8313 	8310 	8306 	8311 	8308 	8311 	8307 	8306 	8306 	8307 	8304 	8303 	8304 	8305 	8303 	8302 	8304 	8303 	8301 	8298 	8297 	8300 	8297 	8300 	8298 	8297 	8303 	8299 	8297 	8297 	8298 	8299 	8301 	8300 	8295 	8298 	8300 	8301 	8300 	8301 	8301 	8305 	8304 	8306 	8306 	8309 	8308 	8306 	8310 	8312 	8311 	8313 	8314 	8316 	8316 	8319 	8321 	8322 	8322 	8322 	8330 	8324 	8324 	8326 	8327 	8324 	
8335 	8334 	8331 	8331 	8322 	8320 	8318 	8319 	8321 	8315 	8322 	8314 	8316 	8314 	8314 	8310 	8308 	8310 	8308 	8306 	8310 	8308 	8307 	8306 	8304 	8305 	8303 	8302 	8303 	8301 	8302 	8300 	8301 	8299 	8300 	8296 	8297 	8296 	8296 	8296 	8300 	8298 	8302 	8296 	8296 	8298 	8300 	8300 	8301 	8302 	8299 	8298 	8304 	8304 	8301 	8305 	8303 	8308 	8306 	8307 	8308 	8309 	8313 	8310 	8312 	8312 	8317 	8313 	8318 	8321 	8322 	8319 	8323 	8321 	8324 	8327 	8329 	8327 	8326 	8323 	
8334 	8336 	8333 	8328 	8328 	8321 	8317 	8318 	8322 	8318 	8320 	8316 	8320 	8319 	8314 	8316 	8308 	8311 	8308 	8308 	8310 	8309 	8306 	8307 	8303 	8301 	8300 	8306 	8302 	8301 	8303 	8299 	8301 	8298 	8297 	8299 	8298 	8302 	8297 	8296 	8300 	8299 	8299 	8295 	8298 	8297 	8300 	8297 	8300 	8299 	8300 	8298 	8304 	8303 	8302 	8304 	8306 	8305 	8306 	8309 	8307 	8307 	8311 	8311 	8311 	8312 	8314 	8312 	8316 	8319 	8320 	8321 	8318 	8320 	8322 	8326 	8324 	8329 	8325 	8329 	
8339 	8335 	8332 	8329 	8324 	8322 	8322 	8320 	8319 	8315 	8318 	8316 	8318 	8318 	8317 	8312 	8314 	8312 	8309 	8309 	8309 	8310 	8306 	8308 	8306 	8301 	8307 	8304 	8303 	8300 	8300 	8304 	8301 	8298 	8297 	8298 	8301 	8299 	8298 	8296 	8300 	8298 	8297 	8299 	8300 	8299 	8297 	8301 	8299 	8302 	8301 	8305 	8305 	8303 	8302 	8307 	8303 	8302 	8307 	8310 	8312 	8304 	8313 	8310 	8312 	8313 	8312 	8313 	8315 	8317 	8325 	8322 	8321 	8323 	8325 	8325 	8325 	8327 	8325 	8325 	
8337 	8336 	8331 	8326 	8327 	8320 	8320 	8324 	8318 	8317 	8317 	8314 	8317 	8317 	8312 	8313 	8311 	8314 	8311 	8309 	8311 	8310 	8308 	8306 	8306 	8306 	8303 	8305 	8303 	8303 	8303 	8300 	8301 	8299 	8297 	8300 	8297 	8299 	8296 	8298 	8300 	8300 	8301 	8297 	8297 	8299 	8299 	8297 	8297 	8306 	8307 	8304 	8305 	8302 	8302 	8303 	8307 	8305 	8306 	8311 	8309 	8310 	8313 	8310 	8312 	8313 	8312 	8312 	8313 	8318 	8318 	8323 	8320 	8321 	8326 	8325 	8326 	8329 	8329 	8324 	
8333 	8335 	8332 	8329 	8325 	8323 	8324 	8325 	8322 	8318 	8316 	8315 	8314 	8317 	8311 	8313 	8313 	8312 	8310 	8310 	8309 	8307 	8303 	8306 	8306 	8302 	8304 	8300 	8304 	8301 	8300 	8300 	8300 	8301 	8298 	8298 	8297 	8298 	8299 	8298 	8299 	8299 	8301 	8302 	8300 	8300 	8299 	8300 	8299 	8301 	8303 	8302 	8305 	8304 	8302 	8303 	8306 	8306 	8309 	8310 	8309 	8307 	8313 	8311 	8314 	8312 	8311 	8312 	8317 	8314 	8320 	8324 	8320 	8323 	8326 	8327 	8328 	8330 	8324 	8322 	
8339 	8334 	8333 	8326 	8323 	8320 	8322 	8319 	8319 	8314 	8315 	8314 	8312 	8316 	8313 	8313 	8311 	8311 	8310 	8311 	8308 	8305 	8306 	8304 	8302 	8302 	8303 	8302 	8302 	8302 	8303 	8300 	8300 	8301 	8300 	8300 	8300 	8300 	8296 	8297 	8302 	8298 	8302 	8297 	8301 	8301 	8301 	8300 	8303 	8302 	8303 	8302 	8307 	8302 	8303 	8302 	8302 	8306 	8304 	8307 	8308 	8310 	8311 	8311 	8310 	8314 	8313 	8313 	8310 	8320 	8323 	8324 	8321 	8321 	8326 	8325 	8330 	8325 	8325 	8326 	
8337 	8334 	8332 	8325 	8327 	8320 	8316 	8323 	8319 	8315 	8316 	8310 	8311 	8312 	8313 	8313 	8311 	8310 	8309 	8307 	8307 	8308 	8307 	8305 	8303 	8298 	8304 	8302 	8304 	8301 	8299 	8298 	8300 	8301 	8300 	8300 	8297 	8299 	8296 	8300 	8303 	8297 	8301 	8297 	8302 	8301 	8300 	8302 	8302 	8301 	8304 	8303 	8301 	8301 	8302 	8302 	8303 	8302 	8303 	8310 	8309 	8311 	8312 	8311 	8312 	8311 	8314 	8316 	8313 	8320 	8321 	8322 	8323 	8324 	8329 	8326 	8329 	8326 	8327 	8322 	
8337 	8333 	8330 	8328 	8326 	8324 	8322 	8318 	8315 	8313 	8316 	8315 	8314 	8312 	8307 	8316 	8312 	8311 	8311 	8310 	8309 	8308 	8307 	8305 	8306 	8303 	8305 	8306 	8305 	8303 	8301 	8301 	8305 	8302 	8300 	8298 	8299 	8299 	8301 	8297 	8300 	8300 	8299 	8300 	8298 	8301 	8302 	8300 	8302 	8300 	8307 	8302 	8303 	8303 	8303 	8304 	8307 	8304 	8309 	8313 	8313 	8306 	8312 	8311 	8315 	8314 	8315 	8314 	8319 	8321 	8320 	8325 	8329 	8321 	8327 	8325 	8327 	8326 	8329 	8326 	
8337 	8333 	8332 	8325 	8329 	8324 	8322 	8320 	8318 	8317 	8315 	8314 	8312 	8312 	8311 	8314 	8312 	8311 	8308 	8308 	8310 	8306 	8305 	8306 	8304 	8302 	8302 	8306 	8307 	8304 	8299 	8303 	8304 	8300 	8302 	8299 	8298 	8301 	8297 	8301 	8304 	8301 	8303 	8297 	8299 	8299 	8301 	8305 	8304 	8303 	8305 	8303 	8301 	8300 	8304 	8305 	8308 	8309 	8308 	8312 	8310 	8307 	8312 	8312 	8313 	8314 	8315 	8316 	8316 	8321 	8318 	8323 	8323 	8322 	8329 	8327 	8329 	8329 	8327 	8326 	
8334 	8332 	8330 	8334 	8326 	8329 	8325 	8325 	8318 	8318 	8315 	8311 	8312 	8312 	8312 	8315 	8313 	8317 	8314 	8311 	8309 	8306 	8306 	8307 	8306 	8304 	8306 	8308 	8307 	8302 	8301 	8301 	8304 	8304 	8305 	8301 	8299 	8302 	8298 	8301 	8303 	8301 	8302 	8302 	8297 	8299 	8300 	8305 	8306 	8304 	8307 	8303 	8303 	8305 	8305 	8309 	8307 	8308 	8308 	8312 	8310 	8310 	8308 	8311 	8315 	8317 	8314 	8315 	8316 	8322 	8321 	8322 	8322 	8325 	8326 	8328 	8327 	8331 	8328 	8328 	
8341 	8335 	8335 	8330 	8329 	8326 	8324 	8323 	8317 	8316 	8316 	8311 	8309 	8310 	8313 	8313 	8313 	8316 	8312 	8308 	8307 	8307 	8306 	8306 	8305 	8303 	8304 	8307 	8303 	8306 	8301 	8303 	8304 	8304 	8301 	8302 	8300 	8303 	8301 	8300 	8307 	8305 	8303 	8300 	8296 	8297 	8297 	8307 	8302 	8305 	8303 	8304 	8301 	8304 	8305 	8310 	8309 	8306 	8310 	8309 	8310 	8308 	8310 	8312 	8314 	8316 	8315 	8318 	8314 	8321 	8323 	8320 	8326 	8325 	8324 	8327 	8329 	8327 	8328 	8325 	
8338 	8333 	8335 	8332 	8328 	8325 	8320 	8324 	8319 	8311 	8312 	8314 	8312 	8312 	8310 	8313 	8313 	8311 	8310 	8309 	8308 	8310 	8305 	8307 	8304 	8304 	8305 	8309 	8305 	8306 	8302 	8304 	8304 	8301 	8302 	8301 	8301 	8303 	8302 	8302 	8306 	8300 	8302 	8297 	8298 	8300 	8300 	8301 	8301 	8304 	8304 	8302 	8303 	8306 	8307 	8310 	8308 	8310 	8310 	8314 	8310 	8308 	8309 	8307 	8313 	8315 	8315 	8317 	8320 	8316 	8322 	8324 	8326 	8321 	8325 	8326 	8326 	8328 	8329 	8329 	
8338 	8336 	8335 	8331 	8323 	8322 	8320 	8323 	8316 	8315 	8315 	8312 	8310 	8312 	8313 	8314 	8314 	8313 	8313 	8311 	8310 	8313 	8307 	8308 	8307 	8308 	8305 	8310 	8309 	8304 	8305 	8300 	8305 	8300 	8301 	8302 	8303 	8300 	8303 	8303 	8304 	8299 	8302 	8300 	8300 	8298 	8301 	8301 	8301 	8306 	8306 	8302 	8308 	8309 	8309 	8312 	8310 	8310 	8310 	8314 	8313 	8308 	8313 	8315 	8314 	8318 	8316 	8316 	8318 	8322 	8322 	8322 	8325 	8329 	8325 	8327 	8330 	8326 	8331 	8335 	
8333 	8335 	8333 	8327 	8326 	8326 	8320 	8323 	8318 	8318 	8316 	8314 	8312 	8313 	8316 	8316 	8314 	8315 	8315 	8311 	8314 	8312 	8310 	8308 	8307 	8304 	8305 	8307 	8302 	8303 	8303 	8302 	8304 	8303 	8300 	8303 	8304 	8303 	8302 	8304 	8307 	8302 	8300 	8301 	8300 	8302 	8298 	8303 	8302 	8305 	8305 	8305 	8306 	8307 	8309 	8312 	8311 	8312 	8311 	8314 	8314 	8308 	8313 	8311 	8318 	8316 	8316 	8320 	8321 	8321 	8324 	8323 	8325 	8326 	8325 	8325 	8329 	8330 	8330 	8329 	
8341 	8335 	8336 	8330 	8327 	8326 	8322 	8324 	8319 	8315 	8315 	8316 	8313 	8313 	8316 	8317 	8318 	8314 	8312 	8311 	8313 	8312 	8309 	8310 	8304 	8305 	8307 	8307 	8307 	8304 	8304 	8301 	8302 	8300 	8302 	8305 	8301 	8301 	8303 	8304 	8306 	8303 	8303 	8300 	8300 	8303 	8306 	8306 	8304 	8307 	8307 	8306 	8306 	8306 	8306 	8315 	8312 	8314 	8312 	8315 	8312 	8309 	8317 	8315 	8314 	8317 	8320 	8318 	8322 	8323 	8328 	8326 	8327 	8327 	8325 	8327 	8332 	8332 	8332 	8330 	
8339 	8333 	8336 	8332 	8325 	8327 	8323 	8323 	8321 	8317 	8319 	8319 	8316 	8315 	8316 	8316 	8318 	8316 	8314 	8315 	8314 	8314 	8309 	8310 	8305 	8307 	8304 	8308 	8306 	8303 	8305 	8303 	8304 	8304 	8304 	8305 	8303 	8306 	8306 	8303 	8307 	8302 	8303 	8300 	8301 	8303 	8303 	8305 	8303 	8305 	8307 	8306 	8307 	8309 	8311 	8311 	8312 	8311 	8308 	8311 	8314 	8312 	8315 	8315 	8319 	8323 	8321 	8321 	8320 	8323 	8326 	8324 	8330 	8331 	8330 	8331 	8329 	8333 	8333 	8328 	
8345 	8339 	8338 	8332 	8328 	8323 	8326 	8327 	8328 	8322 	8323 	8320 	8316 	8320 	8315 	8316 	8317 	8317 	8319 	8316 	8312 	8311 	8311 	8307 	8308 	8307 	8307 	8311 	8308 	8304 	8308 	8305 	8304 	8306 	8307 	8307 	8304 	8305 	8303 	8306 	8308 	8305 	8306 	8306 	8304 	8305 	8303 	8305 	8303 	8306 	8305 	8306 	8309 	8308 	8313 	8314 	8314 	8312 	8310 	8313 	8315 	8315 	8319 	8316 	8317 	8319 	8320 	8322 	8320 	8322 	8323 	8326 	8329 	8331 	8336 	8334 	8335 	8335 	8334 	8335 	
8344 	8341 	8338 	8331 	8328 	8327 	8328 	8329 	8324 	8323 	8323 	8322 	8317 	8318 	8318 	8320 	8315 	8316 	8315 	8314 	8314 	8312 	8308 	8310 	8309 	8309 	8309 	8310 	8309 	8308 	8307 	8306 	8304 	8305 	8302 	8305 	8305 	8307 	8304 	8303 	8309 	8305 	8311 	8305 	8303 	8306 	8304 	8307 	8305 	8306 	8306 	8311 	8308 	8308 	8313 	8313 	8315 	8314 	8314 	8313 	8316 	8315 	8321 	8317 	8318 	8319 	8321 	8322 	8323 	8325 	8323 	8324 	8331 	8328 	8338 	8335 	8336 	8335 	8334 	8336 	
8348 	8341 	8339 	8335 	8331 	8331 	8329 	8325 	8325 	8323 	8326 	8321 	8319 	8320 	8321 	8322 	8321 	8317 	8317 	8315 	8311 	8312 	8311 	8312 	8310 	8311 	8309 	8308 	8310 	8309 	8305 	8305 	8305 	8306 	8307 	8304 	8309 	8306 	8305 	8304 	8306 	8307 	8307 	8306 	8304 	8309 	8305 	8311 	8307 	8312 	8311 	8308 	8310 	8312 	8313 	8313 	8315 	8313 	8312 	8315 	8315 	8313 	8319 	8318 	8321 	8322 	8322 	8324 	8320 	8325 	8325 	8327 	8330 	8332 	8339 	8333 	8331 	8335 	8338 	8338 	
8347 	8343 	8341 	8336 	8333 	8332 	8331 	8329 	8327 	8329 	8326 	8322 	8318 	8322 	8322 	8324 	8322 	8320 	8318 	8313 	8313 	8311 	8311 	8313 	8314 	8312 	8311 	8312 	8311 	8308 	8307 	8308 	8305 	8308 	8307 	8306 	8310 	8306 	8306 	8308 	8307 	8309 	8307 	8310 	8309 	8309 	8306 	8312 	8307 	8310 	8309 	8311 	8311 	8312 	8315 	8316 	8317 	8314 	8316 	8318 	8315 	8318 	8319 	8317 	8319 	8322 	8323 	8322 	8323 	8324 	8324 	8333 	8333 	8337 	8338 	8334 	8334 	8339 	8340 	8337 	
8346 	8343 	8344 	8337 	8336 	8336 	8329 	8332 	8329 	8326 	8326 	8325 	8325 	8322 	8321 	8325 	8320 	8319 	8316 	8315 	8314 	8313 	8314 	8313 	8316 	8312 	8311 	8314 	8309 	8310 	8307 	8306 	8308 	8309 	8308 	8307 	8311 	8309 	8306 	8305 	8308 	8307 	8310 	8311 	8310 	8309 	8310 	8310 	8312 	8314 	8313 	8315 	8318 	8316 	8316 	8316 	8321 	8320 	8316 	8316 	8319 	8315 	8324 	8321 	8325 	8325 	8323 	8327 	8326 	8327 	8330 	8330 	8337 	8336 	8338 	8336 	8334 	8343 	8343 	8342 	
8352 	8340 	8344 	8341 	8338 	8334 	8333 	8330 	8329 	8324 	8327 	8325 	8325 	8320 	8321 	8323 	8322 	8319 	8318 	8315 	8316 	8314 	8315 	8314 	8315 	8312 	8314 	8311 	8307 	8309 	8308 	8308 	8308 	8308 	8305 	8309 	8308 	8309 	8308 	8307 	8314 	8309 	8306 	8312 	8311 	8311 	8310 	8313 	8310 	8317 	8315 	8313 	8314 	8314 	8315 	8316 	8318 	8317 	8319 	8318 	8318 	8321 	8326 	8323 	8322 	8326 	8327 	8329 	8325 	8329 	8334 	8328 	8332 	8334 	8333 	8336 	8337 	8339 	8341 	8343 	
8348 	8343 	8348 	8343 	8339 	8338 	8332 	8331 	8329 	8328 	8327 	8329 	8327 	8321 	8324 	8324 	8324 	8321 	8319 	8317 	8317 	8317 	8315 	8315 	8316 	8311 	8313 	8318 	8312 	8311 	8308 	8307 	8309 	8311 	8308 	8309 	8306 	8311 	8310 	8309 	8311 	8310 	8309 	8313 	8311 	8310 	8312 	8317 	8313 	8314 	8314 	8317 	8319 	8317 	8318 	8319 	8321 	8318 	8318 	8319 	8322 	8321 	8326 	8320 	8327 	8326 	8329 	8331 	8331 	8331 	8330 	8333 	8334 	8333 	8340 	8340 	8339 	8339 	8342 	8342 	
8353 	8352 	8347 	8341 	8333 	8339 	8334 	8333 	8330 	8329 	8328 	8327 	8326 	8324 	8322 	8325 	8323 	8321 	8322 	8321 	8317 	8317 	8316 	8316 	8316 	8317 	8313 	8313 	8315 	8311 	8309 	8310 	8312 	8312 	8306 	8308 	8310 	8311 	8310 	8313 	8312 	8310 	8310 	8311 	8311 	8309 	8314 	8316 	8314 	8315 	8316 	8317 	8320 	8320 	8316 	8317 	8320 	8323 	8317 	8319 	8322 	8319 	8324 	8323 	8324 	8328 	8329 	8328 	8331 	8335 	8336 	8335 	8336 	8335 	8335 	8336 	8337 	8341 	8340 	8343 	
8355 	8348 	8349 	8338 	8340 	8336 	8335 	8336 	8331 	8327 	8329 	8325 	8326 	8324 	8322 	8323 	8321 	8320 	8319 	8319 	8317 	8318 	8319 	8315 	8317 	8313 	8314 	8315 	8312 	8312 	8312 	8311 	8312 	8312 	8308 	8310 	8311 	8308 	8310 	8311 	8312 	8309 	8311 	8312 	8310 	8310 	8312 	8314 	8311 	8314 	8319 	8315 	8316 	8318 	8317 	8324 	8323 	8321 	8323 	8320 	8323 	8321 	8325 	8322 	8322 	8326 	8329 	8331 	8327 	8334 	8335 	8336 	8336 	8335 	8338 	8334 	8338 	8344 	8339 	8335 	
8352 	8348 	8348 	8346 	8338 	8338 	8335 	8334 	8333 	8328 	8328 	8326 	8326 	8326 	8324 	8326 	8323 	8323 	8320 	8317 	8317 	8319 	8315 	8315 	8318 	8312 	8314 	8317 	8312 	8313 	8314 	8310 	8314 	8314 	8309 	8307 	8310 	8311 	8311 	8310 	8316 	8314 	8311 	8316 	8312 	8309 	8312 	8315 	8310 	8316 	8314 	8314 	8317 	8320 	8316 	8324 	8320 	8321 	8319 	8322 	8323 	8321 	8324 	8325 	8325 	8328 	8330 	8328 	8330 	8336 	8334 	8332 	8339 	8337 	8335 	8336 	8340 	8344 	8339 	8340 	
8352 	8349 	8352 	8345 	8338 	8337 	8337 	8338 	8333 	8330 	8330 	8330 	8325 	8325 	8323 	8323 	8322 	8320 	8323 	8317 	8322 	8318 	8316 	8318 	8313 	8312 	8316 	8315 	8312 	8312 	8311 	8315 	8315 	8314 	8310 	8311 	8313 	8314 	8309 	8315 	8317 	8316 	8314 	8313 	8313 	8311 	8313 	8315 	8314 	8318 	8318 	8319 	8320 	8319 	8321 	8320 	8321 	8321 	8322 	8323 	8326 	8325 	8327 	8328 	8328 	8328 	8330 	8333 	8332 	8335 	8333 	8335 	8340 	8340 	8339 	8340 	8342 	8343 	8340 	8341 	
8353 	8352 	8353 	8345 	8343 	8341 	8335 	8339 	8332 	8332 	8336 	8332 	8327 	8327 	8325 	8329 	8326 	8326 	8324 	8318 	8324 	8319 	8317 	8319 	8316 	8314 	8313 	8315 	8314 	8314 	8311 	8316 	8317 	8314 	8309 	8313 	8313 	8315 	8313 	8314 	8316 	8316 	8315 	8313 	8312 	8311 	8318 	8315 	8317 	8318 	8317 	8319 	8320 	8319 	8318 	8323 	8320 	8323 	8323 	8327 	8325 	8325 	8328 	8329 	8330 	8329 	8332 	8331 	8329 	8334 	8336 	8333 	8339 	8342 	8340 	8341 	8342 	8342 	8339 	8337 	
8359 	8355 	8349 	8347 	8348 	8343 	8335 	8338 	8335 	8336 	8334 	8333 	8326 	8327 	8326 	8328 	8328 	8324 	8324 	8318 	8320 	8323 	8321 	8319 	8318 	8317 	8319 	8319 	8312 	8312 	8314 	8314 	8314 	8313 	8312 	8314 	8316 	8317 	8317 	8315 	8318 	8314 	8314 	8313 	8310 	8310 	8315 	8315 	8315 	8319 	8319 	8319 	8320 	8319 	8320 	8320 	8323 	8325 	8323 	8325 	8329 	8327 	8329 	8328 	8329 	8334 	8335 	8336 	8337 	8336 	8336 	8335 	8336 	8335 	8340 	8342 	8343 	8344 	8342 	8341 	
8364 	8353 	8352 	8349 	8349 	8340 	8335 	8337 	8334 	8332 	8334 	8328 	8327 	8329 	8331 	8333 	8327 	8325 	8324 	8324 	8324 	8321 	8320 	8321 	8321 	8316 	8316 	8318 	8315 	8312 	8315 	8313 	8317 	8315 	8312 	8314 	8314 	8316 	8316 	8312 	8316 	8315 	8311 	8312 	8315 	8311 	8315 	8316 	8317 	8318 	8320 	8317 	8320 	8320 	8320 	8321 	8323 	8320 	8323 	8325 	8322 	8325 	8328 	8328 	8333 	8336 	8335 	8339 	8337 	8333 	8337 	8334 	8337 	8337 	8343 	8348 	8346 	8347 	8345 	8341 	
8383 	8356 	8354 	8347 	8344 	8335 	8331 	8333 	8331 	8331 	8332 	8328 	8330 	8330 	8327 	8333 	8332 	8324 	8326 	8323 	8323 	8328 	8321 	8324 	8320 	8317 	8319 	8318 	8313 	8309 	8312 	8315 	8317 	8318 	8313 	8312 	8317 	8314 	8310 	8308 	8314 	8309 	8312 	8311 	8314 	8317 	8316 	8316 	8319 	8321 	8318 	8322 	8321 	8320 	8320 	8323 	8326 	8323 	8326 	8329 	8326 	8325 	8331 	8330 	8332 	8333 	8338 	8336 	8334 	8333 	8332 	8336 	8334 	8337 	8343 	8345 	8346 	8350 	8347 	8343 	


